Keyboard effort
------------------------------------------------------------
k1                      0.838  74.7  74.7
k1,k2                   1.077  21.3  96.0
k1,k2,k3                1.122   4.0 100.0
b                       0.356  18.8  18.8
p                       0.766  40.4 146.5
ph                      0.000   0.0   0.0
pr                      0.158  20.7  20.7
pf                      0.504  65.8  86.5
s                       0.772  40.8 100.0
all                     1.894 100.0 100.0

#data effort_k1=>[0.838,74.688,74.688],
#data effort_k12=>[1.077,21.331,96.019],
#data effort_k123=>[1.122,3.981,100.000],
#data effort_base=>[0.356,18.805,18.805],
#data effort_penalty=>[0.766,40.437,146.505],
#data effort_penalty_hand=>[0.000,0.000,0.000],
#data effort_penalty_row=>[0.158,20.652,20.652],
#data effort_penalty_finger=>[0.504,65.812,86.464],
#data effort_path=>[0.772,40.758,100.000],
#data effort_all=>[1.894,100.000,100.000],

keyboard row frequency
------------------------------------------------------------
1                     1620182 17.7  17.7
2                     6734080 73.6  91.3
3                      796903  8.7 100.0

#data row_data=>[qw(1 2 3)],
#data row_frequency=>[0.177,0.736,0.087],
#data row_cumulative=>[0.177,0.913,1.000],

keyboard hand frequency
------------------------------------------------------------
0                     4764510 52.1  52.1
1                     4386655 47.9 100.0

#data hand_data=>[qw(0 1)],
#data hand_frequency=>[0.521,0.479],
#data hand_cumulative=>[0.521,1.000],

keyboard finger frequency
------------------------------------------------------------
0                      764404  8.4   8.4
1                      805304  8.8  17.2
2                     1351744 14.8  31.9
3                     1843058 20.1  52.1
6                     1862236 20.3  72.4
7                      912436 10.0  82.4
8                     1087727 11.9  94.3
9                      524256  5.7 100.0

#data finger_data=>[qw(0 1 2 3 6 7 8 9)],
#data finger_frequency=>[0.084,0.088,0.148,0.201,0.203,0.100,0.119,0.057],
#data finger_cumulative=>[0.084,0.172,0.319,0.521,0.724,0.824,0.943,1.000],

keyboard left hand run length
------------------------------------------------------------
1                     1243979 48.2  48.2
2                      728525 28.2  76.4
3                      336979 13.1  89.5
4                      152316  5.9  95.4
5                       69881  2.7  98.1
6                       30142  1.2  99.3
7                       10846  0.4  99.7
8                        4410  0.2  99.9
9                        1950  0.1  99.9
10                        807  0.0 100.0
11                        324  0.0 100.0
12                        155  0.0 100.0
13                         61  0.0 100.0
14                         19  0.0 100.0
15                          9  0.0 100.0
16                          8  0.0 100.0
17                          5  0.0 100.0
18                          2  0.0 100.0
20                          2  0.0 100.0
22                          1  0.0 100.0

#data left_hand_run_data=>[qw(1 2 3 4 5 6 7 8 9 10 11 12 13 14 15 16 17 18 20 22)],
#data left_hand_run_frequency=>[0.482,0.282,0.131,0.059,0.027,0.012,0.004,0.002,0.001,0.000,0.000,0.000,0.000,0.000,0.000,0.000,0.000,0.000,0.000,0.000],
#data left_hand_run_cumulative=>[0.482,0.764,0.895,0.954,0.981,0.993,0.997,0.999,0.999,1.000,1.000,1.000,1.000,1.000,1.000,1.000,1.000,1.000,1.000,1.000],

keyboard right hand run length
------------------------------------------------------------
1                     1459834 56.6  56.6
2                      594742 23.0  79.6
3                      314701 12.2  91.8
4                      122318  4.7  96.6
5                       51278  2.0  98.5
6                       22603  0.9  99.4
7                        8694  0.3  99.8
8                        3513  0.1  99.9
9                        1562  0.1 100.0
10                        614  0.0 100.0
11                        299  0.0 100.0
12                        145  0.0 100.0
13                         59  0.0 100.0
14                         21  0.0 100.0
15                         20  0.0 100.0
16                          8  0.0 100.0
17                          1  0.0 100.0
18                          1  0.0 100.0
19                          1  0.0 100.0
22                          2  0.0 100.0
23                          1  0.0 100.0
24                          1  0.0 100.0
31                          1  0.0 100.0

#data right_hand_run_data=>[qw(1 2 3 4 5 6 7 8 9 10 11 12 13 14 15 16 17 18 19 22 23 24 31)],
#data right_hand_run_frequency=>[0.566,0.230,0.122,0.047,0.020,0.009,0.003,0.001,0.001,0.000,0.000,0.000,0.000,0.000,0.000,0.000,0.000,0.000,0.000,0.000,0.000,0.000,0.000],
#data right_hand_run_cumulative=>[0.566,0.796,0.918,0.966,0.985,0.994,0.998,0.999,1.000,1.000,1.000,1.000,1.000,1.000,1.000,1.000,1.000,1.000,1.000,1.000,1.000,1.000,1.000],

keyboard hand run length
------------------------------------------------------------
1                     2703813 52.4  52.4
2                     1323267 25.6  78.0
3                      651680 12.6  90.7
4                      274634  5.3  96.0
5                      121159  2.3  98.3
6                       52745  1.0  99.4
7                       19540  0.4  99.7
8                        7923  0.2  99.9
9                        3512  0.1 100.0
10                       1421  0.0 100.0
11                        623  0.0 100.0
12                        300  0.0 100.0
13                        120  0.0 100.0
14                         40  0.0 100.0
15                         29  0.0 100.0
16                         16  0.0 100.0
17                          6  0.0 100.0
18                          3  0.0 100.0
19                          1  0.0 100.0
20                          2  0.0 100.0
22                          3  0.0 100.0
23                          1  0.0 100.0
24                          1  0.0 100.0
31                          1  0.0 100.0

#data all_hand_run_data=>[qw(1 2 3 4 5 6 7 8 9 10 11 12 13 14 15 16 17 18 19 20 22 23 24 31)],
#data all_hand_run_frequency=>[0.524,0.256,0.126,0.053,0.023,0.010,0.004,0.002,0.001,0.000,0.000,0.000,0.000,0.000,0.000,0.000,0.000,0.000,0.000,0.000,0.000,0.000,0.000,0.000],
#data all_hand_run_cumulative=>[0.524,0.780,0.907,0.960,0.983,0.994,0.997,0.999,1.000,1.000,1.000,1.000,1.000,1.000,1.000,1.000,1.000,1.000,1.000,1.000,1.000,1.000,1.000,1.000],

keyboard top row run length
------------------------------------------------------------
1                     1067526 78.9  78.9
2                      241430 17.9  96.8
3                       35333  2.6  99.4
4                        6032  0.4  99.9
5                        1393  0.1 100.0
6                         444  0.0 100.0
7                          67  0.0 100.0
8                          15  0.0 100.0
9                           3  0.0 100.0
12                          1  0.0 100.0

#data t_row_run_data=>[qw(1 2 3 4 5 6 7 8 9 12)],
#data t_row_run_frequency=>[0.789,0.179,0.026,0.004,0.001,0.000,0.000,0.000,0.000,0.000],
#data t_row_run_cumulative=>[0.789,0.968,0.994,0.999,1.000,1.000,1.000,1.000,1.000,1.000],

keyboard home row run length
------------------------------------------------------------
1                      495620 26.0  26.0
2                      385476 20.2  46.2
3                      271384 14.2  60.4
4                      197687 10.4  70.8
5                      159575  8.4  79.2
6                      110166  5.8  84.9
7                       80947  4.2  89.2
8                       59062  3.1  92.3
9                       41637  2.2  94.5
10                      29950  1.6  96.0
11                      21283  1.1  97.2
12                      15161  0.8  97.9
13                      11071  0.6  98.5
14                       7823  0.4  98.9
15                       5745  0.3  99.2
16                       4154  0.2  99.5
17                       2846  0.1  99.6
18                       2129  0.1  99.7
19                       1479  0.1  99.8
20                       1030  0.1  99.8
21                        819  0.0  99.9
22                        582  0.0  99.9
23                        398  0.0  99.9
24                        323  0.0 100.0
25                        229  0.0 100.0
26                        159  0.0 100.0
27                        108  0.0 100.0
28                         69  0.0 100.0
29                         53  0.0 100.0
30                         36  0.0 100.0
31                         21  0.0 100.0
32                         17  0.0 100.0
33                         16  0.0 100.0
34                         13  0.0 100.0
35                          7  0.0 100.0
36                          7  0.0 100.0
37                          3  0.0 100.0
38                          3  0.0 100.0
39                          1  0.0 100.0
40                          1  0.0 100.0
41                          2  0.0 100.0
43                          1  0.0 100.0
45                          1  0.0 100.0

#data h_row_run_data=>[qw(1 2 3 4 5 6 7 8 9 10 11 12 13 14 15 16 17 18 19 20 21 22 23 24 25 26 27 28 29 30 31 32 33 34 35 36 37 38 39 40 41 43 45)],
#data h_row_run_frequency=>[0.260,0.202,0.142,0.104,0.084,0.058,0.042,0.031,0.022,0.016,0.011,0.008,0.006,0.004,0.003,0.002,0.001,0.001,0.001,0.001,0.000,0.000,0.000,0.000,0.000,0.000,0.000,0.000,0.000,0.000,0.000,0.000,0.000,0.000,0.000,0.000,0.000,0.000,0.000,0.000,0.000,0.000,0.000],
#data h_row_run_cumulative=>[0.260,0.462,0.604,0.708,0.792,0.849,0.892,0.923,0.945,0.960,0.972,0.979,0.985,0.989,0.992,0.995,0.996,0.997,0.998,0.998,0.999,0.999,0.999,1.000,1.000,1.000,1.000,1.000,1.000,1.000,1.000,1.000,1.000,1.000,1.000,1.000,1.000,1.000,1.000,1.000,1.000,1.000,1.000],

keyboard bottom row run length
------------------------------------------------------------
1                      740460 94.6  94.6
2                       40845  5.2  99.8
3                        1382  0.2 100.0
4                          18  0.0 100.0
5                           3  0.0 100.0
9                           4  0.0 100.0

#data b_row_run_data=>[qw(1 2 3 4 5 9)],
#data b_row_run_frequency=>[0.946,0.052,0.002,0.000,0.000,0.000],
#data b_row_run_cumulative=>[0.946,0.998,1.000,1.000,1.000,1.000],

keyboard row run length
------------------------------------------------------------
1                     2303606 57.0  57.0
2                      667751 16.5  73.5
3                      308099  7.6  81.1
4                      203737  5.0  86.2
5                      160971  4.0  90.2
6                      110610  2.7  92.9
7                       81014  2.0  94.9
8                       59077  1.5  96.4
9                       41644  1.0  97.4
10                      29950  0.7  98.1
11                      21283  0.5  98.7
12                      15162  0.4  99.0
13                      11071  0.3  99.3
14                       7823  0.2  99.5
15                       5745  0.1  99.6
16                       4154  0.1  99.7
17                       2846  0.1  99.8
18                       2129  0.1  99.9
19                       1479  0.0  99.9
20                       1030  0.0  99.9
21                        819  0.0  99.9
22                        582  0.0 100.0
23                        398  0.0 100.0
24                        323  0.0 100.0
25                        229  0.0 100.0
26                        159  0.0 100.0
27                        108  0.0 100.0
28                         69  0.0 100.0
29                         53  0.0 100.0
30                         36  0.0 100.0
31                         21  0.0 100.0
32                         17  0.0 100.0
33                         16  0.0 100.0
34                         13  0.0 100.0
35                          7  0.0 100.0
36                          7  0.0 100.0
37                          3  0.0 100.0
38                          3  0.0 100.0
39                          1  0.0 100.0
40                          1  0.0 100.0
41                          2  0.0 100.0
43                          1  0.0 100.0
45                          1  0.0 100.0

#data all_row_run_data=>[qw(1 2 3 4 5 6 7 8 9 10 11 12 13 14 15 16 17 18 19 20 21 22 23 24 25 26 27 28 29 30 31 32 33 34 35 36 37 38 39 40 41 43 45)],
#data all_row_run_frequency=>[0.570,0.165,0.076,0.050,0.040,0.027,0.020,0.015,0.010,0.007,0.005,0.004,0.003,0.002,0.001,0.001,0.001,0.001,0.000,0.000,0.000,0.000,0.000,0.000,0.000,0.000,0.000,0.000,0.000,0.000,0.000,0.000,0.000,0.000,0.000,0.000,0.000,0.000,0.000,0.000,0.000,0.000,0.000],
#data all_row_run_cumulative=>[0.570,0.735,0.811,0.862,0.902,0.929,0.949,0.964,0.974,0.981,0.987,0.990,0.993,0.995,0.996,0.997,0.998,0.999,0.999,0.999,0.999,1.000,1.000,1.000,1.000,1.000,1.000,1.000,1.000,1.000,1.000,1.000,1.000,1.000,1.000,1.000,1.000,1.000,1.000,1.000,1.000,1.000,1.000],

keyboard finger run length
------------------------------------------------------------
1                     7998651 91.2  91.2
2                      719567  8.2  99.5
3                       43467  0.5 100.0
4                        4012  0.0 100.0
5                         254  0.0 100.0
6                          18  0.0 100.0
7                           6  0.0 100.0
8                           2  0.0 100.0
9                           5  0.0 100.0
11                          3  0.0 100.0
12                          1  0.0 100.0
13                          1  0.0 100.0
20                          1  0.0 100.0

#data finger_run_data=>[qw(1 2 3 4 5 6 7 8 9 11 12 13 20)],
#data finger_run_frequency=>[0.912,0.082,0.005,0.000,0.000,0.000,0.000,0.000,0.000,0.000,0.000,0.000,0.000],
#data finger_run_cumulative=>[0.912,0.995,1.000,1.000,1.000,1.000,1.000,1.000,1.000,1.000,1.000,1.000,1.000],

keyboard same-hand row jump length
------------------------------------------------------------
1                     6302280 82.0  82.0
2                      945354 12.3  94.3
3                      322844  4.2  98.5
4                       77164  1.0  99.5
5                       26196  0.3  99.9
6                        7167  0.1  99.9
7                        2905  0.0 100.0
8                         775  0.0 100.0
9                         230  0.0 100.0
10                        102  0.0 100.0
11                         15  0.0 100.0
12                         16  0.0 100.0
13                          3  0.0 100.0
14                          1  0.0 100.0
15                          1  0.0 100.0
25                          1  0.0 100.0

#data row_jump_data=>[qw(1 2 3 4 5 6 7 8 9 10 11 12 13 14 15 25)],
#data row_jump_frequency=>[0.820,0.123,0.042,0.010,0.003,0.001,0.000,0.000,0.000,0.000,0.000,0.000,0.000,0.000,0.000,0.000],
#data row_jump_cumulative=>[0.820,0.943,0.985,0.995,0.999,0.999,1.000,1.000,1.000,1.000,1.000,1.000,1.000,1.000,1.000,1.000],

corpus character frequency
------------------------------------------------------------
e                     1189270 12.4  12.4
t                      857621  8.9  21.4
a                      772047  8.1  29.4
o                      743158  7.8  37.2
i                      664716  6.9  44.1
n                      659446  6.9  51.0
h                      601534  6.3  57.2
s                      600522  6.3  63.5
r                      551354  5.8  69.3
d                      428936  4.5  73.7
l                      395151  4.1  77.9
u                      278222  2.9  80.8
m                      257890  2.7  83.5
w                      230357  2.4  85.9
c                      228885  2.4  88.2
f                      208786  2.2  90.4
y                      202083  2.1  92.5
g                      192882  2.0  94.5
p                      158583  1.7  96.2
b                      149480  1.6  97.8
v                       91308  1.0  98.7
k                       78419  0.8  99.5
j                       14421  0.2  99.7
x                       14308  0.1  99.8
q                       10285  0.1  99.9
z                        6129  0.1 100.0

#data character_frequency_data=>[qw(e t a o i n h s r d l u m w c f y g p b v k j x q z)],
#data character_frequency_frequency=>[0.124,0.089,0.081,0.078,0.069,0.069,0.063,0.063,0.058,0.045,0.041,0.029,0.027,0.024,0.024,0.022,0.021,0.020,0.017,0.016,0.010,0.008,0.002,0.001,0.001,0.001],
#data character_frequency_cumulative=>[0.124,0.214,0.294,0.372,0.441,0.510,0.572,0.635,0.693,0.737,0.779,0.808,0.835,0.859,0.882,0.904,0.925,0.945,0.962,0.978,0.987,0.995,0.997,0.998,0.999,1.000],

