Keyboard effort
------------------------------------------------------------
k1                      0.748  79.1  79.1
k1,k2                   0.922  18.4  97.5
k1,k2,k3                0.946   2.5 100.0
b                       0.357  20.8  20.8
p                       0.588  34.4 160.7
ph                      0.000   0.0   0.0
pr                      0.154  26.1  26.1
pf                      0.380  64.5  90.7
s                       0.767  44.8 100.0
all                     1.713 100.0 100.0

#data effort_k1=>[0.748,79.098,79.098],
#data effort_k12=>[0.922,18.419,97.517],
#data effort_k123=>[0.946,2.483,100.000],
#data effort_base=>[0.357,20.847,20.847],
#data effort_penalty=>[0.588,34.358,160.676],
#data effort_penalty_hand=>[0.000,0.000,0.000],
#data effort_penalty_row=>[0.154,26.136,26.136],
#data effort_penalty_finger=>[0.380,64.524,90.660],
#data effort_path=>[0.767,44.795,100.000],
#data effort_all=>[1.713,100.000,100.000],

keyboard row frequency
------------------------------------------------------------
1                     1654198 18.1  18.1
2                     6748253 73.7  91.8
3                      748714  8.2 100.0

#data row_data=>[qw(1 2 3)],
#data row_frequency=>[0.181,0.737,0.082],
#data row_cumulative=>[0.181,0.918,1.000],

keyboard hand frequency
------------------------------------------------------------
0                     4494951 49.1  49.1
1                     4656214 50.9 100.0

#data hand_data=>[qw(0 1)],
#data hand_frequency=>[0.491,0.509],
#data hand_cumulative=>[0.491,1.000],

keyboard finger frequency
------------------------------------------------------------
0                      529626  5.8   5.8
1                      803239  8.8  14.6
2                     1240064 13.6  28.1
3                     1922022 21.0  49.1
6                     2119220 23.2  72.3
7                     1301760 14.2  86.5
8                      820766  9.0  95.5
9                      414468  4.5 100.0

#data finger_data=>[qw(0 1 2 3 6 7 8 9)],
#data finger_frequency=>[0.058,0.088,0.136,0.210,0.232,0.142,0.090,0.045],
#data finger_cumulative=>[0.058,0.146,0.281,0.491,0.723,0.865,0.955,1.000],

keyboard left hand run length
------------------------------------------------------------
1                     1450569 55.5  55.5
2                      660019 25.2  80.7
3                      277464 10.6  91.3
4                      135791  5.2  96.5
5                       53588  2.0  98.6
6                       21703  0.8  99.4
7                        9127  0.3  99.8
8                        3834  0.1  99.9
9                        1573  0.1 100.0
10                        607  0.0 100.0
11                        243  0.0 100.0
12                        164  0.0 100.0
13                         39  0.0 100.0
14                         20  0.0 100.0
15                          8  0.0 100.0
16                          2  0.0 100.0
17                          3  0.0 100.0
18                          7  0.0 100.0
19                          1  0.0 100.0
20                          1  0.0 100.0
21                          2  0.0 100.0
22                          2  0.0 100.0
25                          1  0.0 100.0
47                          1  0.0 100.0
48                          1  0.0 100.0
49                          1  0.0 100.0

#data left_hand_run_data=>[qw(1 2 3 4 5 6 7 8 9 10 11 12 13 14 15 16 17 18 19 20 21 22 25 47 48 49)],
#data left_hand_run_frequency=>[0.555,0.252,0.106,0.052,0.020,0.008,0.003,0.001,0.001,0.000,0.000,0.000,0.000,0.000,0.000,0.000,0.000,0.000,0.000,0.000,0.000,0.000,0.000,0.000,0.000,0.000],
#data left_hand_run_cumulative=>[0.555,0.807,0.913,0.965,0.986,0.994,0.998,0.999,1.000,1.000,1.000,1.000,1.000,1.000,1.000,1.000,1.000,1.000,1.000,1.000,1.000,1.000,1.000,1.000,1.000,1.000],

keyboard right hand run length
------------------------------------------------------------
1                     1203879 46.0  46.0
2                      854417 32.7  78.7
3                      358483 13.7  92.4
4                      115679  4.4  96.9
5                       48069  1.8  98.7
6                       19588  0.7  99.4
7                        8687  0.3  99.8
8                        3893  0.1  99.9
9                        1332  0.1 100.0
10                        455  0.0 100.0
11                        167  0.0 100.0
12                         80  0.0 100.0
13                         23  0.0 100.0
14                          8  0.0 100.0
15                          6  0.0 100.0
16                          3  0.0 100.0
22                          1  0.0 100.0
23                          1  0.0 100.0

#data right_hand_run_data=>[qw(1 2 3 4 5 6 7 8 9 10 11 12 13 14 15 16 22 23)],
#data right_hand_run_frequency=>[0.460,0.327,0.137,0.044,0.018,0.007,0.003,0.001,0.001,0.000,0.000,0.000,0.000,0.000,0.000,0.000,0.000,0.000],
#data right_hand_run_cumulative=>[0.460,0.787,0.924,0.969,0.987,0.994,0.998,0.999,1.000,1.000,1.000,1.000,1.000,1.000,1.000,1.000,1.000,1.000],

keyboard hand run length
------------------------------------------------------------
1                     2654448 50.8  50.8
2                     1514436 29.0  79.7
3                      635947 12.2  91.9
4                      251470  4.8  96.7
5                      101657  1.9  98.6
6                       41291  0.8  99.4
7                       17814  0.3  99.8
8                        7727  0.1  99.9
9                        2905  0.1 100.0
10                       1062  0.0 100.0
11                        410  0.0 100.0
12                        244  0.0 100.0
13                         62  0.0 100.0
14                         28  0.0 100.0
15                         14  0.0 100.0
16                          5  0.0 100.0
17                          3  0.0 100.0
18                          7  0.0 100.0
19                          1  0.0 100.0
20                          1  0.0 100.0
21                          2  0.0 100.0
22                          3  0.0 100.0
23                          1  0.0 100.0
25                          1  0.0 100.0
47                          1  0.0 100.0
48                          1  0.0 100.0
49                          1  0.0 100.0

#data all_hand_run_data=>[qw(1 2 3 4 5 6 7 8 9 10 11 12 13 14 15 16 17 18 19 20 21 22 23 25 47 48 49)],
#data all_hand_run_frequency=>[0.508,0.290,0.122,0.048,0.019,0.008,0.003,0.001,0.001,0.000,0.000,0.000,0.000,0.000,0.000,0.000,0.000,0.000,0.000,0.000,0.000,0.000,0.000,0.000,0.000,0.000,0.000],
#data all_hand_run_cumulative=>[0.508,0.797,0.919,0.967,0.986,0.994,0.998,0.999,1.000,1.000,1.000,1.000,1.000,1.000,1.000,1.000,1.000,1.000,1.000,1.000,1.000,1.000,1.000,1.000,1.000,1.000,1.000],

keyboard top row run length
------------------------------------------------------------
1                      991554 75.2  75.2
2                      260387 19.8  95.0
3                       51965  3.9  98.9
4                       10460  0.8  99.7
5                        2783  0.2  99.9
6                         586  0.0 100.0
7                         114  0.0 100.0
8                          19  0.0 100.0
9                           7  0.0 100.0
10                          3  0.0 100.0
12                          3  0.0 100.0
14                          1  0.0 100.0
27                          1  0.0 100.0

#data t_row_run_data=>[qw(1 2 3 4 5 6 7 8 9 10 12 14 27)],
#data t_row_run_frequency=>[0.752,0.198,0.039,0.008,0.002,0.000,0.000,0.000,0.000,0.000,0.000,0.000,0.000],
#data t_row_run_cumulative=>[0.752,0.950,0.989,0.997,0.999,1.000,1.000,1.000,1.000,1.000,1.000,1.000,1.000],

keyboard home row run length
------------------------------------------------------------
1                      488822 25.7  25.7
2                      383880 20.2  45.9
3                      270283 14.2  60.2
4                      198007 10.4  70.6
5                      159282  8.4  79.0
6                      110312  5.8  84.8
7                       81100  4.3  89.0
8                       59562  3.1  92.2
9                       41882  2.2  94.4
10                      30170  1.6  96.0
11                      21512  1.1  97.1
12                      15335  0.8  97.9
13                      11278  0.6  98.5
14                       7975  0.4  98.9
15                       5834  0.3  99.2
16                       4229  0.2  99.4
17                       2919  0.2  99.6
18                       2186  0.1  99.7
19                       1510  0.1  99.8
20                       1042  0.1  99.8
21                        834  0.0  99.9
22                        596  0.0  99.9
23                        417  0.0  99.9
24                        340  0.0 100.0
25                        236  0.0 100.0
26                        170  0.0 100.0
27                        114  0.0 100.0
28                         74  0.0 100.0
29                         55  0.0 100.0
30                         38  0.0 100.0
31                         23  0.0 100.0
32                         17  0.0 100.0
33                         16  0.0 100.0
34                         13  0.0 100.0
35                          7  0.0 100.0
36                          7  0.0 100.0
37                          3  0.0 100.0
38                          3  0.0 100.0
39                          2  0.0 100.0
40                          2  0.0 100.0
41                          2  0.0 100.0
43                          1  0.0 100.0
45                          1  0.0 100.0

#data h_row_run_data=>[qw(1 2 3 4 5 6 7 8 9 10 11 12 13 14 15 16 17 18 19 20 21 22 23 24 25 26 27 28 29 30 31 32 33 34 35 36 37 38 39 40 41 43 45)],
#data h_row_run_frequency=>[0.257,0.202,0.142,0.104,0.084,0.058,0.043,0.031,0.022,0.016,0.011,0.008,0.006,0.004,0.003,0.002,0.002,0.001,0.001,0.001,0.000,0.000,0.000,0.000,0.000,0.000,0.000,0.000,0.000,0.000,0.000,0.000,0.000,0.000,0.000,0.000,0.000,0.000,0.000,0.000,0.000,0.000,0.000],
#data h_row_run_cumulative=>[0.257,0.459,0.602,0.706,0.790,0.848,0.890,0.922,0.944,0.960,0.971,0.979,0.985,0.989,0.992,0.994,0.996,0.997,0.998,0.998,0.999,0.999,0.999,1.000,1.000,1.000,1.000,1.000,1.000,1.000,1.000,1.000,1.000,1.000,1.000,1.000,1.000,1.000,1.000,1.000,1.000,1.000,1.000],

keyboard bottom row run length
------------------------------------------------------------
1                      728020 96.9  96.9
2                       22909  3.1 100.0
3                          57  0.0 100.0
4                          26  0.0 100.0
5                           1  0.0 100.0
9                           4  0.0 100.0

#data b_row_run_data=>[qw(1 2 3 4 5 9)],
#data b_row_run_frequency=>[0.969,0.031,0.000,0.000,0.000,0.000],
#data b_row_run_cumulative=>[0.969,1.000,1.000,1.000,1.000,1.000],

keyboard row run length
------------------------------------------------------------
1                     2208396 55.6  55.6
2                      667176 16.8  72.5
3                      322305  8.1  80.6
4                      208493  5.3  85.8
5                      162066  4.1  89.9
6                      110898  2.8  92.7
7                       81214  2.0  94.7
8                       59581  1.5  96.2
9                       41893  1.1  97.3
10                      30173  0.8  98.1
11                      21512  0.5  98.6
12                      15338  0.4  99.0
13                      11278  0.3  99.3
14                       7976  0.2  99.5
15                       5834  0.1  99.6
16                       4229  0.1  99.7
17                       2919  0.1  99.8
18                       2186  0.1  99.9
19                       1510  0.0  99.9
20                       1042  0.0  99.9
21                        834  0.0  99.9
22                        596  0.0 100.0
23                        417  0.0 100.0
24                        340  0.0 100.0
25                        236  0.0 100.0
26                        170  0.0 100.0
27                        115  0.0 100.0
28                         74  0.0 100.0
29                         55  0.0 100.0
30                         38  0.0 100.0
31                         23  0.0 100.0
32                         17  0.0 100.0
33                         16  0.0 100.0
34                         13  0.0 100.0
35                          7  0.0 100.0
36                          7  0.0 100.0
37                          3  0.0 100.0
38                          3  0.0 100.0
39                          2  0.0 100.0
40                          2  0.0 100.0
41                          2  0.0 100.0
43                          1  0.0 100.0
45                          1  0.0 100.0

#data all_row_run_data=>[qw(1 2 3 4 5 6 7 8 9 10 11 12 13 14 15 16 17 18 19 20 21 22 23 24 25 26 27 28 29 30 31 32 33 34 35 36 37 38 39 40 41 43 45)],
#data all_row_run_frequency=>[0.556,0.168,0.081,0.053,0.041,0.028,0.020,0.015,0.011,0.008,0.005,0.004,0.003,0.002,0.001,0.001,0.001,0.001,0.000,0.000,0.000,0.000,0.000,0.000,0.000,0.000,0.000,0.000,0.000,0.000,0.000,0.000,0.000,0.000,0.000,0.000,0.000,0.000,0.000,0.000,0.000,0.000,0.000],
#data all_row_run_cumulative=>[0.556,0.725,0.806,0.858,0.899,0.927,0.947,0.962,0.973,0.981,0.986,0.990,0.993,0.995,0.996,0.997,0.998,0.999,0.999,0.999,0.999,1.000,1.000,1.000,1.000,1.000,1.000,1.000,1.000,1.000,1.000,1.000,1.000,1.000,1.000,1.000,1.000,1.000,1.000,1.000,1.000,1.000,1.000],

keyboard finger run length
------------------------------------------------------------
1                     7719637 89.8  89.8
2                      781672  9.1  98.9
3                       87835  1.0  99.9
4                        8633  0.1 100.0
5                         734  0.0 100.0
6                          83  0.0 100.0
7                          38  0.0 100.0
8                          17  0.0 100.0
9                           8  0.0 100.0
10                          1  0.0 100.0
11                          3  0.0 100.0
12                          3  0.0 100.0
13                          1  0.0 100.0
20                          1  0.0 100.0
21                          1  0.0 100.0

#data finger_run_data=>[qw(1 2 3 4 5 6 7 8 9 10 11 12 13 20 21)],
#data finger_run_frequency=>[0.898,0.091,0.010,0.001,0.000,0.000,0.000,0.000,0.000,0.000,0.000,0.000,0.000,0.000,0.000],
#data finger_run_cumulative=>[0.898,0.989,0.999,1.000,1.000,1.000,1.000,1.000,1.000,1.000,1.000,1.000,1.000,1.000,1.000],

keyboard same-hand row jump length
------------------------------------------------------------
1                     6199157 80.8  80.8
2                     1073402 14.0  94.8
3                      292914  3.8  98.7
4                       74606  1.0  99.6
5                       20855  0.3  99.9
6                        5103  0.1 100.0
7                        1398  0.0 100.0
8                         469  0.0 100.0
9                         171  0.0 100.0
10                         43  0.0 100.0
11                         22  0.0 100.0
12                         10  0.0 100.0
13                          1  0.0 100.0
14                          4  0.0 100.0
17                          1  0.0 100.0
23                          1  0.0 100.0
29                          1  0.0 100.0

#data row_jump_data=>[qw(1 2 3 4 5 6 7 8 9 10 11 12 13 14 17 23 29)],
#data row_jump_frequency=>[0.808,0.140,0.038,0.010,0.003,0.001,0.000,0.000,0.000,0.000,0.000,0.000,0.000,0.000,0.000,0.000,0.000],
#data row_jump_cumulative=>[0.808,0.948,0.987,0.996,0.999,1.000,1.000,1.000,1.000,1.000,1.000,1.000,1.000,1.000,1.000,1.000,1.000],

corpus character frequency
------------------------------------------------------------
e                     1189270 12.4  12.4
t                      857621  8.9  21.4
a                      772047  8.1  29.4
o                      743158  7.8  37.2
i                      664716  6.9  44.1
n                      659446  6.9  51.0
h                      601534  6.3  57.2
s                      600522  6.3  63.5
r                      551354  5.8  69.3
d                      428936  4.5  73.7
l                      395151  4.1  77.9
u                      278222  2.9  80.8
m                      257890  2.7  83.5
w                      230357  2.4  85.9
c                      228885  2.4  88.2
f                      208786  2.2  90.4
y                      202083  2.1  92.5
g                      192882  2.0  94.5
p                      158583  1.7  96.2
b                      149480  1.6  97.8
v                       91308  1.0  98.7
k                       78419  0.8  99.5
j                       14421  0.2  99.7
x                       14308  0.1  99.8
q                       10285  0.1  99.9
z                        6129  0.1 100.0

#data character_frequency_data=>[qw(e t a o i n h s r d l u m w c f y g p b v k j x q z)],
#data character_frequency_frequency=>[0.124,0.089,0.081,0.078,0.069,0.069,0.063,0.063,0.058,0.045,0.041,0.029,0.027,0.024,0.024,0.022,0.021,0.020,0.017,0.016,0.010,0.008,0.002,0.001,0.001,0.001],
#data character_frequency_cumulative=>[0.124,0.214,0.294,0.372,0.441,0.510,0.572,0.635,0.693,0.737,0.779,0.808,0.835,0.859,0.882,0.904,0.925,0.945,0.962,0.978,0.987,0.995,0.997,0.998,0.999,1.000],

