Keyboard effort
------------------------------------------------------------
k1                      0.901  74.4  74.4
k1,k2                   1.163  21.6  96.0
k1,k2,k3                1.211   4.0 100.0
b                       0.366  17.7  17.7
p                       0.845  40.9 143.3
ph                      0.000   0.0   0.0
pr                      0.182  21.5  21.5
pf                      0.524  62.0  83.5
s                       0.857  41.4 100.0
all                     2.068 100.0 100.0

#data effort_k1=>[0.901,74.425,74.425],
#data effort_k12=>[1.163,21.607,96.032],
#data effort_k123=>[1.211,3.968,100.000],
#data effort_base=>[0.366,17.679,17.679],
#data effort_penalty=>[0.845,40.874,143.253],
#data effort_penalty_hand=>[0.000,0.000,0.000],
#data effort_penalty_row=>[0.182,21.503,21.503],
#data effort_penalty_finger=>[0.524,62.022,83.524],
#data effort_path=>[0.857,41.447,100.000],
#data effort_all=>[2.068,100.000,100.000],

keyboard row frequency
------------------------------------------------------------
1                     2092197 22.9  22.9
2                     6262065 68.4  91.3
3                      796903  8.7 100.0

#data row_data=>[qw(1 2 3)],
#data row_frequency=>[0.229,0.684,0.087],
#data row_cumulative=>[0.229,0.913,1.000],

keyboard hand frequency
------------------------------------------------------------
0                     5274593 57.6  57.6
1                     3876572 42.4 100.0

#data hand_data=>[qw(0 1)],
#data hand_frequency=>[0.576,0.424],
#data hand_cumulative=>[0.576,1.000],

keyboard finger frequency
------------------------------------------------------------
0                      764404  8.4   8.4
1                      805304  8.8  17.2
2                     1737866 19.0  36.1
3                     1967019 21.5  57.6
6                     1369634 15.0  72.6
7                      776058  8.5  81.1
8                     1018149 11.1  92.2
9                      712731  7.8 100.0

#data finger_data=>[qw(0 1 2 3 6 7 8 9)],
#data finger_frequency=>[0.084,0.088,0.190,0.215,0.150,0.085,0.111,0.078],
#data finger_cumulative=>[0.084,0.172,0.361,0.576,0.726,0.811,0.922,1.000],

keyboard left hand run length
------------------------------------------------------------
1                     1027393 42.1  42.1
2                      642888 26.4  68.5
3                      346685 14.2  82.7
4                      194523  8.0  90.6
5                      104606  4.3  94.9
6                       59547  2.4  97.4
7                       30827  1.3  98.6
8                       15744  0.6  99.3
9                        8116  0.3  99.6
10                       4217  0.2  99.8
11                       2414  0.1  99.9
12                       1268  0.1  99.9
13                        711  0.0 100.0
14                        349  0.0 100.0
15                        223  0.0 100.0
16                        124  0.0 100.0
17                         43  0.0 100.0
18                         42  0.0 100.0
19                         19  0.0 100.0
20                         10  0.0 100.0
21                          5  0.0 100.0
22                          5  0.0 100.0
23                          1  0.0 100.0
24                          1  0.0 100.0
25                          2  0.0 100.0

#data left_hand_run_data=>[qw(1 2 3 4 5 6 7 8 9 10 11 12 13 14 15 16 17 18 19 20 21 22 23 24 25)],
#data left_hand_run_frequency=>[0.421,0.264,0.142,0.080,0.043,0.024,0.013,0.006,0.003,0.002,0.001,0.001,0.000,0.000,0.000,0.000,0.000,0.000,0.000,0.000,0.000,0.000,0.000,0.000,0.000],
#data left_hand_run_cumulative=>[0.421,0.685,0.827,0.906,0.949,0.974,0.986,0.993,0.996,0.998,0.999,0.999,1.000,1.000,1.000,1.000,1.000,1.000,1.000,1.000,1.000,1.000,1.000,1.000,1.000],

keyboard right hand run length
------------------------------------------------------------
1                     1480183 60.7  60.7
2                      543223 22.3  82.9
3                      268231 11.0  93.9
4                       93004  3.8  97.7
5                       34058  1.4  99.1
6                       12889  0.5  99.7
7                        5053  0.2  99.9
8                        1820  0.1  99.9
9                         756  0.0 100.0
10                        308  0.0 100.0
11                        123  0.0 100.0
12                         59  0.0 100.0
13                         22  0.0 100.0
14                         16  0.0 100.0
15                          9  0.0 100.0
16                          4  0.0 100.0
22                          2  0.0 100.0
31                          1  0.0 100.0

#data right_hand_run_data=>[qw(1 2 3 4 5 6 7 8 9 10 11 12 13 14 15 16 22 31)],
#data right_hand_run_frequency=>[0.607,0.223,0.110,0.038,0.014,0.005,0.002,0.001,0.000,0.000,0.000,0.000,0.000,0.000,0.000,0.000,0.000,0.000],
#data right_hand_run_cumulative=>[0.607,0.829,0.939,0.977,0.991,0.997,0.999,0.999,1.000,1.000,1.000,1.000,1.000,1.000,1.000,1.000,1.000,1.000],

keyboard hand run length
------------------------------------------------------------
1                     2507576 51.4  51.4
2                     1186111 24.3  75.7
3                      614916 12.6  88.3
4                      287527  5.9  94.2
5                      138664  2.8  97.0
6                       72436  1.5  98.5
7                       35880  0.7  99.3
8                       17564  0.4  99.6
9                        8872  0.2  99.8
10                       4525  0.1  99.9
11                       2537  0.1  99.9
12                       1327  0.0 100.0
13                        733  0.0 100.0
14                        365  0.0 100.0
15                        232  0.0 100.0
16                        128  0.0 100.0
17                         43  0.0 100.0
18                         42  0.0 100.0
19                         19  0.0 100.0
20                         10  0.0 100.0
21                          5  0.0 100.0
22                          7  0.0 100.0
23                          1  0.0 100.0
24                          1  0.0 100.0
25                          2  0.0 100.0
31                          1  0.0 100.0

#data all_hand_run_data=>[qw(1 2 3 4 5 6 7 8 9 10 11 12 13 14 15 16 17 18 19 20 21 22 23 24 25 31)],
#data all_hand_run_frequency=>[0.514,0.243,0.126,0.059,0.028,0.015,0.007,0.004,0.002,0.001,0.001,0.000,0.000,0.000,0.000,0.000,0.000,0.000,0.000,0.000,0.000,0.000,0.000,0.000,0.000,0.000],
#data all_hand_run_cumulative=>[0.514,0.757,0.883,0.942,0.970,0.985,0.993,0.996,0.998,0.999,0.999,1.000,1.000,1.000,1.000,1.000,1.000,1.000,1.000,1.000,1.000,1.000,1.000,1.000,1.000,1.000],

keyboard top row run length
------------------------------------------------------------
1                     1342951 77.3  77.3
2                      332267 19.1  96.5
3                       53956  3.1  99.6
4                        6846  0.4 100.0
5                         600  0.0 100.0
6                          28  0.0 100.0
7                           5  0.0 100.0
16                          1  0.0 100.0

#data t_row_run_data=>[qw(1 2 3 4 5 6 7 16)],
#data t_row_run_frequency=>[0.773,0.191,0.031,0.004,0.000,0.000,0.000,0.000],
#data t_row_run_cumulative=>[0.773,0.965,0.996,1.000,1.000,1.000,1.000,1.000],

keyboard home row run length
------------------------------------------------------------
1                      796103 35.3  35.3
2                      494522 21.9  57.2
3                      315691 14.0  71.2
4                      220874  9.8  81.0
5                      143907  6.4  87.4
6                       98936  4.4  91.8
7                       65439  2.9  94.7
8                       42395  1.9  96.6
9                       27208  1.2  97.8
10                      17588  0.8  98.6
11                      11369  0.5  99.1
12                       7321  0.3  99.4
13                       4723  0.2  99.6
14                       3114  0.1  99.8
15                       1966  0.1  99.8
16                       1300  0.1  99.9
17                        849  0.0  99.9
18                        567  0.0 100.0
19                        315  0.0 100.0
20                        223  0.0 100.0
21                        162  0.0 100.0
22                         83  0.0 100.0
23                         48  0.0 100.0
24                         43  0.0 100.0
25                         17  0.0 100.0
26                         18  0.0 100.0
27                         18  0.0 100.0
28                          2  0.0 100.0
29                          4  0.0 100.0
30                          1  0.0 100.0
31                          3  0.0 100.0
32                          3  0.0 100.0
33                          1  0.0 100.0
38                          1  0.0 100.0
39                          1  0.0 100.0
42                          1  0.0 100.0

#data h_row_run_data=>[qw(1 2 3 4 5 6 7 8 9 10 11 12 13 14 15 16 17 18 19 20 21 22 23 24 25 26 27 28 29 30 31 32 33 38 39 42)],
#data h_row_run_frequency=>[0.353,0.219,0.140,0.098,0.064,0.044,0.029,0.019,0.012,0.008,0.005,0.003,0.002,0.001,0.001,0.001,0.000,0.000,0.000,0.000,0.000,0.000,0.000,0.000,0.000,0.000,0.000,0.000,0.000,0.000,0.000,0.000,0.000,0.000,0.000,0.000],
#data h_row_run_cumulative=>[0.353,0.572,0.712,0.810,0.874,0.918,0.947,0.966,0.978,0.986,0.991,0.994,0.996,0.998,0.998,0.999,0.999,1.000,1.000,1.000,1.000,1.000,1.000,1.000,1.000,1.000,1.000,1.000,1.000,1.000,1.000,1.000,1.000,1.000,1.000,1.000],

keyboard bottom row run length
------------------------------------------------------------
1                      740460 94.6  94.6
2                       40845  5.2  99.8
3                        1382  0.2 100.0
4                          18  0.0 100.0
5                           3  0.0 100.0
9                           4  0.0 100.0

#data b_row_run_data=>[qw(1 2 3 4 5 9)],
#data b_row_run_frequency=>[0.946,0.052,0.002,0.000,0.000,0.000],
#data b_row_run_cumulative=>[0.946,0.998,1.000,1.000,1.000,1.000],

keyboard row run length
------------------------------------------------------------
1                     2879514 60.3  60.3
2                      867634 18.2  78.5
3                      371029  7.8  86.3
4                      227738  4.8  91.0
5                      144510  3.0  94.1
6                       98964  2.1  96.1
7                       65444  1.4  97.5
8                       42395  0.9  98.4
9                       27212  0.6  99.0
10                      17588  0.4  99.3
11                      11369  0.2  99.6
12                       7321  0.2  99.7
13                       4723  0.1  99.8
14                       3114  0.1  99.9
15                       1966  0.0  99.9
16                       1301  0.0 100.0
17                        849  0.0 100.0
18                        567  0.0 100.0
19                        315  0.0 100.0
20                        223  0.0 100.0
21                        162  0.0 100.0
22                         83  0.0 100.0
23                         48  0.0 100.0
24                         43  0.0 100.0
25                         17  0.0 100.0
26                         18  0.0 100.0
27                         18  0.0 100.0
28                          2  0.0 100.0
29                          4  0.0 100.0
30                          1  0.0 100.0
31                          3  0.0 100.0
32                          3  0.0 100.0
33                          1  0.0 100.0
38                          1  0.0 100.0
39                          1  0.0 100.0
42                          1  0.0 100.0

#data all_row_run_data=>[qw(1 2 3 4 5 6 7 8 9 10 11 12 13 14 15 16 17 18 19 20 21 22 23 24 25 26 27 28 29 30 31 32 33 38 39 42)],
#data all_row_run_frequency=>[0.603,0.182,0.078,0.048,0.030,0.021,0.014,0.009,0.006,0.004,0.002,0.002,0.001,0.001,0.000,0.000,0.000,0.000,0.000,0.000,0.000,0.000,0.000,0.000,0.000,0.000,0.000,0.000,0.000,0.000,0.000,0.000,0.000,0.000,0.000,0.000],
#data all_row_run_cumulative=>[0.603,0.785,0.863,0.910,0.941,0.961,0.975,0.984,0.990,0.993,0.996,0.997,0.998,0.999,0.999,1.000,1.000,1.000,1.000,1.000,1.000,1.000,1.000,1.000,1.000,1.000,1.000,1.000,1.000,1.000,1.000,1.000,1.000,1.000,1.000,1.000],

keyboard finger run length
------------------------------------------------------------
1                     7665182 89.3  89.3
2                      835348  9.7  99.1
3                       71230  0.8  99.9
4                        7508  0.1 100.0
5                         759  0.0 100.0
6                         229  0.0 100.0
7                         122  0.0 100.0
8                           4  0.0 100.0
9                           7  0.0 100.0
10                          1  0.0 100.0
11                          3  0.0 100.0
12                          1  0.0 100.0
20                          1  0.0 100.0

#data finger_run_data=>[qw(1 2 3 4 5 6 7 8 9 10 11 12 20)],
#data finger_run_frequency=>[0.893,0.097,0.008,0.001,0.000,0.000,0.000,0.000,0.000,0.000,0.000,0.000,0.000],
#data finger_run_cumulative=>[0.893,0.991,0.999,1.000,1.000,1.000,1.000,1.000,1.000,1.000,1.000,1.000,1.000],

keyboard same-hand row jump length
------------------------------------------------------------
1                     5475882 76.9  76.9
2                     1043846 14.7  91.5
3                      389680  5.5  97.0
4                      131040  1.8  98.8
5                       56778  0.8  99.6
6                       16625  0.2  99.9
7                        7335  0.1 100.0
8                        2043  0.0 100.0
9                         771  0.0 100.0
10                        221  0.0 100.0
11                         88  0.0 100.0
12                         28  0.0 100.0
13                         18  0.0 100.0
14                          1  0.0 100.0
15                          1  0.0 100.0
20                          1  0.0 100.0
27                          1  0.0 100.0

#data row_jump_data=>[qw(1 2 3 4 5 6 7 8 9 10 11 12 13 14 15 20 27)],
#data row_jump_frequency=>[0.769,0.147,0.055,0.018,0.008,0.002,0.001,0.000,0.000,0.000,0.000,0.000,0.000,0.000,0.000,0.000,0.000],
#data row_jump_cumulative=>[0.769,0.915,0.970,0.988,0.996,0.999,1.000,1.000,1.000,1.000,1.000,1.000,1.000,1.000,1.000,1.000,1.000],

corpus character frequency
------------------------------------------------------------
e                     1189270 12.4  12.4
t                      857621  8.9  21.4
a                      772047  8.1  29.4
o                      743158  7.8  37.2
i                      664716  6.9  44.1
n                      659446  6.9  51.0
h                      601534  6.3  57.2
s                      600522  6.3  63.5
r                      551354  5.8  69.3
d                      428936  4.5  73.7
l                      395151  4.1  77.9
u                      278222  2.9  80.8
m                      257890  2.7  83.5
w                      230357  2.4  85.9
c                      228885  2.4  88.2
f                      208786  2.2  90.4
y                      202083  2.1  92.5
g                      192882  2.0  94.5
p                      158583  1.7  96.2
b                      149480  1.6  97.8
v                       91308  1.0  98.7
k                       78419  0.8  99.5
j                       14421  0.2  99.7
x                       14308  0.1  99.8
q                       10285  0.1  99.9
z                        6129  0.1 100.0

#data character_frequency_data=>[qw(e t a o i n h s r d l u m w c f y g p b v k j x q z)],
#data character_frequency_frequency=>[0.124,0.089,0.081,0.078,0.069,0.069,0.063,0.063,0.058,0.045,0.041,0.029,0.027,0.024,0.024,0.022,0.021,0.020,0.017,0.016,0.010,0.008,0.002,0.001,0.001,0.001],
#data character_frequency_cumulative=>[0.124,0.214,0.294,0.372,0.441,0.510,0.572,0.635,0.693,0.737,0.779,0.808,0.835,0.859,0.882,0.904,0.925,0.945,0.962,0.978,0.987,0.995,0.997,0.998,0.999,1.000],

