Keyboard effort
------------------------------------------------------------
k1                      0.893  74.8  74.8
k1,k2                   1.148  21.4  96.2
k1,k2,k3                1.193   3.8 100.0
b                       0.439  20.7  20.7
p                       0.755  35.6 158.1
ph                      0.000   0.0   0.0
pr                      0.242  32.1  32.1
pf                      0.381  50.6  82.6
s                       0.926  43.7 100.0
all                     2.119 100.0 100.0

#data effort_k1=>[0.893,74.827,74.827],
#data effort_k12=>[1.148,21.421,96.248],
#data effort_k123=>[1.193,3.752,100.000],
#data effort_base=>[0.439,20.702,20.702],
#data effort_penalty=>[0.755,35.615,158.127],
#data effort_penalty_hand=>[0.000,0.000,0.000],
#data effort_penalty_row=>[0.242,32.086,32.086],
#data effort_penalty_finger=>[0.381,50.550,82.636],
#data effort_path=>[0.926,43.683,100.000],
#data effort_all=>[2.119,100.000,100.000],

keyboard row frequency
------------------------------------------------------------
1                     2166494 23.7  23.7
2                     5641881 61.7  85.3
3                     1342790 14.7 100.0

#data row_data=>[qw(1 2 3)],
#data row_frequency=>[0.237,0.617,0.147],
#data row_cumulative=>[0.237,0.853,1.000],

keyboard hand frequency
------------------------------------------------------------
0                     5274593 57.6  57.6
1                     3876572 42.4 100.0

#data hand_data=>[qw(0 1)],
#data hand_frequency=>[0.576,0.424],
#data hand_cumulative=>[0.576,1.000],

keyboard finger frequency
------------------------------------------------------------
0                      764404  8.4   8.4
1                      805304  8.8  17.2
2                     1737866 19.0  36.1
3                     1967019 21.5  57.6
6                     1915521 20.9  78.6
7                      799027  8.7  87.3
8                     1087727 11.9  99.2
9                       74297  0.8 100.0

#data finger_data=>[qw(0 1 2 3 6 7 8 9)],
#data finger_frequency=>[0.084,0.088,0.190,0.215,0.209,0.087,0.119,0.008],
#data finger_cumulative=>[0.084,0.172,0.361,0.576,0.786,0.873,0.992,1.000],

keyboard left hand run length
------------------------------------------------------------
1                     1027393 42.1  42.1
2                      642888 26.4  68.5
3                      346685 14.2  82.7
4                      194523  8.0  90.6
5                      104606  4.3  94.9
6                       59547  2.4  97.4
7                       30827  1.3  98.6
8                       15744  0.6  99.3
9                        8116  0.3  99.6
10                       4217  0.2  99.8
11                       2414  0.1  99.9
12                       1268  0.1  99.9
13                        711  0.0 100.0
14                        349  0.0 100.0
15                        223  0.0 100.0
16                        124  0.0 100.0
17                         43  0.0 100.0
18                         42  0.0 100.0
19                         19  0.0 100.0
20                         10  0.0 100.0
21                          5  0.0 100.0
22                          5  0.0 100.0
23                          1  0.0 100.0
24                          1  0.0 100.0
25                          2  0.0 100.0

#data left_hand_run_data=>[qw(1 2 3 4 5 6 7 8 9 10 11 12 13 14 15 16 17 18 19 20 21 22 23 24 25)],
#data left_hand_run_frequency=>[0.421,0.264,0.142,0.080,0.043,0.024,0.013,0.006,0.003,0.002,0.001,0.001,0.000,0.000,0.000,0.000,0.000,0.000,0.000,0.000,0.000,0.000,0.000,0.000,0.000],
#data left_hand_run_cumulative=>[0.421,0.685,0.827,0.906,0.949,0.974,0.986,0.993,0.996,0.998,0.999,0.999,1.000,1.000,1.000,1.000,1.000,1.000,1.000,1.000,1.000,1.000,1.000,1.000,1.000],

keyboard right hand run length
------------------------------------------------------------
1                     1480183 60.7  60.7
2                      543223 22.3  82.9
3                      268231 11.0  93.9
4                       93004  3.8  97.7
5                       34058  1.4  99.1
6                       12889  0.5  99.7
7                        5053  0.2  99.9
8                        1820  0.1  99.9
9                         756  0.0 100.0
10                        308  0.0 100.0
11                        123  0.0 100.0
12                         59  0.0 100.0
13                         22  0.0 100.0
14                         16  0.0 100.0
15                          9  0.0 100.0
16                          4  0.0 100.0
22                          2  0.0 100.0
31                          1  0.0 100.0

#data right_hand_run_data=>[qw(1 2 3 4 5 6 7 8 9 10 11 12 13 14 15 16 22 31)],
#data right_hand_run_frequency=>[0.607,0.223,0.110,0.038,0.014,0.005,0.002,0.001,0.000,0.000,0.000,0.000,0.000,0.000,0.000,0.000,0.000,0.000],
#data right_hand_run_cumulative=>[0.607,0.829,0.939,0.977,0.991,0.997,0.999,0.999,1.000,1.000,1.000,1.000,1.000,1.000,1.000,1.000,1.000,1.000],

keyboard hand run length
------------------------------------------------------------
1                     2507576 51.4  51.4
2                     1186111 24.3  75.7
3                      614916 12.6  88.3
4                      287527  5.9  94.2
5                      138664  2.8  97.0
6                       72436  1.5  98.5
7                       35880  0.7  99.3
8                       17564  0.4  99.6
9                        8872  0.2  99.8
10                       4525  0.1  99.9
11                       2537  0.1  99.9
12                       1327  0.0 100.0
13                        733  0.0 100.0
14                        365  0.0 100.0
15                        232  0.0 100.0
16                        128  0.0 100.0
17                         43  0.0 100.0
18                         42  0.0 100.0
19                         19  0.0 100.0
20                         10  0.0 100.0
21                          5  0.0 100.0
22                          7  0.0 100.0
23                          1  0.0 100.0
24                          1  0.0 100.0
25                          2  0.0 100.0
31                          1  0.0 100.0

#data all_hand_run_data=>[qw(1 2 3 4 5 6 7 8 9 10 11 12 13 14 15 16 17 18 19 20 21 22 23 24 25 31)],
#data all_hand_run_frequency=>[0.514,0.243,0.126,0.059,0.028,0.015,0.007,0.004,0.002,0.001,0.001,0.000,0.000,0.000,0.000,0.000,0.000,0.000,0.000,0.000,0.000,0.000,0.000,0.000,0.000,0.000],
#data all_hand_run_cumulative=>[0.514,0.757,0.883,0.942,0.970,0.985,0.993,0.996,0.998,0.999,0.999,1.000,1.000,1.000,1.000,1.000,1.000,1.000,1.000,1.000,1.000,1.000,1.000,1.000,1.000,1.000],

keyboard top row run length
------------------------------------------------------------
1                     1385312 77.2  77.2
2                      345751 19.3  96.4
3                       56542  3.1  99.6
4                        7068  0.4 100.0
5                         685  0.0 100.0
6                          30  0.0 100.0
7                           6  0.0 100.0
16                          1  0.0 100.0

#data t_row_run_data=>[qw(1 2 3 4 5 6 7 16)],
#data t_row_run_frequency=>[0.772,0.193,0.031,0.004,0.000,0.000,0.000,0.000],
#data t_row_run_cumulative=>[0.772,0.964,0.996,1.000,1.000,1.000,1.000,1.000],

keyboard home row run length
------------------------------------------------------------
1                     1219609 46.4  46.4
2                      592229 22.5  69.0
3                      335941 12.8  81.8
4                      224416  8.5  90.3
5                      113774  4.3  94.6
6                       62796  2.4  97.0
7                       34742  1.3  98.4
8                       19302  0.7  99.1
9                       10600  0.4  99.5
10                       5763  0.2  99.7
11                       3413  0.1  99.8
12                       1812  0.1  99.9
13                       1054  0.0  99.9
14                        582  0.0 100.0
15                        332  0.0 100.0
16                        198  0.0 100.0
17                         95  0.0 100.0
18                         60  0.0 100.0
19                         40  0.0 100.0
20                         27  0.0 100.0
21                         21  0.0 100.0
22                          6  0.0 100.0
23                          4  0.0 100.0
24                          3  0.0 100.0
25                          1  0.0 100.0
27                          1  0.0 100.0
28                          1  0.0 100.0
36                          1  0.0 100.0

#data h_row_run_data=>[qw(1 2 3 4 5 6 7 8 9 10 11 12 13 14 15 16 17 18 19 20 21 22 23 24 25 27 28 36)],
#data h_row_run_frequency=>[0.464,0.225,0.128,0.085,0.043,0.024,0.013,0.007,0.004,0.002,0.001,0.001,0.000,0.000,0.000,0.000,0.000,0.000,0.000,0.000,0.000,0.000,0.000,0.000,0.000,0.000,0.000,0.000],
#data h_row_run_cumulative=>[0.464,0.690,0.818,0.903,0.946,0.970,0.984,0.991,0.995,0.997,0.998,0.999,0.999,1.000,1.000,1.000,1.000,1.000,1.000,1.000,1.000,1.000,1.000,1.000,1.000,1.000,1.000,1.000],

keyboard bottom row run length
------------------------------------------------------------
1                     1244566 93.9  93.9
2                       80811  6.1 100.0
3                         369  0.0 100.0
4                          25  0.0 100.0
5                           2  0.0 100.0
10                          4  0.0 100.0

#data b_row_run_data=>[qw(1 2 3 4 5 10)],
#data b_row_run_frequency=>[0.939,0.061,0.000,0.000,0.000,0.000],
#data b_row_run_cumulative=>[0.939,1.000,1.000,1.000,1.000,1.000],

keyboard row run length
------------------------------------------------------------
1                     3849487 67.0  67.0
2                     1018791 17.7  84.7
3                      392852  6.8  91.5
4                      231509  4.0  95.6
5                      114461  2.0  97.5
6                       62826  1.1  98.6
7                       34748  0.6  99.2
8                       19302  0.3  99.6
9                       10600  0.2  99.8
10                       5767  0.1  99.9
11                       3413  0.1  99.9
12                       1812  0.0 100.0
13                       1054  0.0 100.0
14                        582  0.0 100.0
15                        332  0.0 100.0
16                        199  0.0 100.0
17                         95  0.0 100.0
18                         60  0.0 100.0
19                         40  0.0 100.0
20                         27  0.0 100.0
21                         21  0.0 100.0
22                          6  0.0 100.0
23                          4  0.0 100.0
24                          3  0.0 100.0
25                          1  0.0 100.0
27                          1  0.0 100.0
28                          1  0.0 100.0
36                          1  0.0 100.0

#data all_row_run_data=>[qw(1 2 3 4 5 6 7 8 9 10 11 12 13 14 15 16 17 18 19 20 21 22 23 24 25 27 28 36)],
#data all_row_run_frequency=>[0.670,0.177,0.068,0.040,0.020,0.011,0.006,0.003,0.002,0.001,0.001,0.000,0.000,0.000,0.000,0.000,0.000,0.000,0.000,0.000,0.000,0.000,0.000,0.000,0.000,0.000,0.000,0.000],
#data all_row_run_cumulative=>[0.670,0.847,0.915,0.956,0.975,0.986,0.992,0.996,0.998,0.999,0.999,1.000,1.000,1.000,1.000,1.000,1.000,1.000,1.000,1.000,1.000,1.000,1.000,1.000,1.000,1.000,1.000,1.000],

keyboard finger run length
------------------------------------------------------------
1                     7548706 88.6  88.6
2                      879091 10.3  99.0
3                       78695  0.9  99.9
4                        8915  0.1 100.0
5                         944  0.0 100.0
6                         230  0.0 100.0
7                         123  0.0 100.0
8                           6  0.0 100.0
9                           7  0.0 100.0
10                          1  0.0 100.0
11                          3  0.0 100.0
12                          1  0.0 100.0
13                          1  0.0 100.0
20                          1  0.0 100.0

#data finger_run_data=>[qw(1 2 3 4 5 6 7 8 9 10 11 12 13 20)],
#data finger_run_frequency=>[0.886,0.103,0.009,0.001,0.000,0.000,0.000,0.000,0.000,0.000,0.000,0.000,0.000,0.000],
#data finger_run_cumulative=>[0.886,0.990,0.999,1.000,1.000,1.000,1.000,1.000,1.000,1.000,1.000,1.000,1.000,1.000],

keyboard same-hand row jump length
------------------------------------------------------------
1                     4797433 71.4  71.4
2                     1215229 18.1  89.5
3                      446152  6.6  96.1
4                      160080  2.4  98.5
5                       68249  1.0  99.5
6                       19873  0.3  99.8
7                        8546  0.1  99.9
8                        2432  0.0 100.0
9                         891  0.0 100.0
10                        298  0.0 100.0
11                         95  0.0 100.0
12                         30  0.0 100.0
13                         20  0.0 100.0
14                          1  0.0 100.0
15                          1  0.0 100.0
20                          1  0.0 100.0
27                          1  0.0 100.0

#data row_jump_data=>[qw(1 2 3 4 5 6 7 8 9 10 11 12 13 14 15 20 27)],
#data row_jump_frequency=>[0.714,0.181,0.066,0.024,0.010,0.003,0.001,0.000,0.000,0.000,0.000,0.000,0.000,0.000,0.000,0.000,0.000],
#data row_jump_cumulative=>[0.714,0.895,0.961,0.985,0.995,0.998,0.999,1.000,1.000,1.000,1.000,1.000,1.000,1.000,1.000,1.000,1.000],

corpus character frequency
------------------------------------------------------------
e                     1189270 12.4  12.4
t                      857621  8.9  21.4
a                      772047  8.1  29.4
o                      743158  7.8  37.2
i                      664716  6.9  44.1
n                      659446  6.9  51.0
h                      601534  6.3  57.2
s                      600522  6.3  63.5
r                      551354  5.8  69.3
d                      428936  4.5  73.7
l                      395151  4.1  77.9
u                      278222  2.9  80.8
m                      257890  2.7  83.5
w                      230357  2.4  85.9
c                      228885  2.4  88.2
f                      208786  2.2  90.4
y                      202083  2.1  92.5
g                      192882  2.0  94.5
p                      158583  1.7  96.2
b                      149480  1.6  97.8
v                       91308  1.0  98.7
k                       78419  0.8  99.5
j                       14421  0.2  99.7
x                       14308  0.1  99.8
q                       10285  0.1  99.9
z                        6129  0.1 100.0

#data character_frequency_data=>[qw(e t a o i n h s r d l u m w c f y g p b v k j x q z)],
#data character_frequency_frequency=>[0.124,0.089,0.081,0.078,0.069,0.069,0.063,0.063,0.058,0.045,0.041,0.029,0.027,0.024,0.024,0.022,0.021,0.020,0.017,0.016,0.010,0.008,0.002,0.001,0.001,0.001],
#data character_frequency_cumulative=>[0.124,0.214,0.294,0.372,0.441,0.510,0.572,0.635,0.693,0.737,0.779,0.808,0.835,0.859,0.882,0.904,0.925,0.945,0.962,0.978,0.987,0.995,0.997,0.998,0.999,1.000],

