Keyboard effort
------------------------------------------------------------
k1                      0.997  71.8  71.8
k1,k2                   1.326  23.7  95.5
k1,k2,k3                1.388   4.5 100.0
b                       0.556  23.6  23.6
p                       0.832  35.4 166.8
ph                      0.000   0.0   0.0
pr                      0.276  33.2  33.2
pf                      0.408  49.1  82.2
s                       0.965  41.0 100.0
all                     2.354 100.0 100.0

#data effort_k1=>[0.997,71.794,71.794],
#data effort_k12=>[1.326,23.715,95.509],
#data effort_k123=>[1.388,4.491,100.000],
#data effort_base=>[0.556,23.630,23.630],
#data effort_penalty=>[0.832,35.357,166.833],
#data effort_penalty_hand=>[0.000,0.000,0.000],
#data effort_penalty_row=>[0.276,33.175,33.175],
#data effort_penalty_finger=>[0.408,49.065,82.239],
#data effort_path=>[0.965,41.013,100.000],
#data effort_all=>[2.354,100.000,100.000],

keyboard row frequency
------------------------------------------------------------
1                     2789385 30.5  30.5
2                     5018990 54.8  85.3
3                     1342790 14.7 100.0

#data row_data=>[qw(1 2 3)],
#data row_frequency=>[0.305,0.548,0.147],
#data row_cumulative=>[0.305,0.853,1.000],

keyboard hand frequency
------------------------------------------------------------
0                     5274593 57.6  57.6
1                     3876572 42.4 100.0

#data hand_data=>[qw(0 1)],
#data hand_frequency=>[0.576,0.424],
#data hand_cumulative=>[0.576,1.000],

keyboard finger frequency
------------------------------------------------------------
0                      764404  8.4   8.4
1                      805304  8.8  17.2
2                     1737866 19.0  36.1
3                     1967019 21.5  57.6
6                     1915521 20.9  78.6
7                      717450  7.8  86.4
8                     1087727 11.9  98.3
9                      155874  1.7 100.0

#data finger_data=>[qw(0 1 2 3 6 7 8 9)],
#data finger_frequency=>[0.084,0.088,0.190,0.215,0.209,0.078,0.119,0.017],
#data finger_cumulative=>[0.084,0.172,0.361,0.576,0.786,0.864,0.983,1.000],

keyboard left hand run length
------------------------------------------------------------
1                     1027393 42.1  42.1
2                      642888 26.4  68.5
3                      346685 14.2  82.7
4                      194523  8.0  90.6
5                      104606  4.3  94.9
6                       59547  2.4  97.4
7                       30827  1.3  98.6
8                       15744  0.6  99.3
9                        8116  0.3  99.6
10                       4217  0.2  99.8
11                       2414  0.1  99.9
12                       1268  0.1  99.9
13                        711  0.0 100.0
14                        349  0.0 100.0
15                        223  0.0 100.0
16                        124  0.0 100.0
17                         43  0.0 100.0
18                         42  0.0 100.0
19                         19  0.0 100.0
20                         10  0.0 100.0
21                          5  0.0 100.0
22                          5  0.0 100.0
23                          1  0.0 100.0
24                          1  0.0 100.0
25                          2  0.0 100.0

#data left_hand_run_data=>[qw(1 2 3 4 5 6 7 8 9 10 11 12 13 14 15 16 17 18 19 20 21 22 23 24 25)],
#data left_hand_run_frequency=>[0.421,0.264,0.142,0.080,0.043,0.024,0.013,0.006,0.003,0.002,0.001,0.001,0.000,0.000,0.000,0.000,0.000,0.000,0.000,0.000,0.000,0.000,0.000,0.000,0.000],
#data left_hand_run_cumulative=>[0.421,0.685,0.827,0.906,0.949,0.974,0.986,0.993,0.996,0.998,0.999,0.999,1.000,1.000,1.000,1.000,1.000,1.000,1.000,1.000,1.000,1.000,1.000,1.000,1.000],

keyboard right hand run length
------------------------------------------------------------
1                     1480183 60.7  60.7
2                      543223 22.3  82.9
3                      268231 11.0  93.9
4                       93004  3.8  97.7
5                       34058  1.4  99.1
6                       12889  0.5  99.7
7                        5053  0.2  99.9
8                        1820  0.1  99.9
9                         756  0.0 100.0
10                        308  0.0 100.0
11                        123  0.0 100.0
12                         59  0.0 100.0
13                         22  0.0 100.0
14                         16  0.0 100.0
15                          9  0.0 100.0
16                          4  0.0 100.0
22                          2  0.0 100.0
31                          1  0.0 100.0

#data right_hand_run_data=>[qw(1 2 3 4 5 6 7 8 9 10 11 12 13 14 15 16 22 31)],
#data right_hand_run_frequency=>[0.607,0.223,0.110,0.038,0.014,0.005,0.002,0.001,0.000,0.000,0.000,0.000,0.000,0.000,0.000,0.000,0.000,0.000],
#data right_hand_run_cumulative=>[0.607,0.829,0.939,0.977,0.991,0.997,0.999,0.999,1.000,1.000,1.000,1.000,1.000,1.000,1.000,1.000,1.000,1.000],

keyboard hand run length
------------------------------------------------------------
1                     2507576 51.4  51.4
2                     1186111 24.3  75.7
3                      614916 12.6  88.3
4                      287527  5.9  94.2
5                      138664  2.8  97.0
6                       72436  1.5  98.5
7                       35880  0.7  99.3
8                       17564  0.4  99.6
9                        8872  0.2  99.8
10                       4525  0.1  99.9
11                       2537  0.1  99.9
12                       1327  0.0 100.0
13                        733  0.0 100.0
14                        365  0.0 100.0
15                        232  0.0 100.0
16                        128  0.0 100.0
17                         43  0.0 100.0
18                         42  0.0 100.0
19                         19  0.0 100.0
20                         10  0.0 100.0
21                          5  0.0 100.0
22                          7  0.0 100.0
23                          1  0.0 100.0
24                          1  0.0 100.0
25                          2  0.0 100.0
31                          1  0.0 100.0

#data all_hand_run_data=>[qw(1 2 3 4 5 6 7 8 9 10 11 12 13 14 15 16 17 18 19 20 21 22 23 24 25 31)],
#data all_hand_run_frequency=>[0.514,0.243,0.126,0.059,0.028,0.015,0.007,0.004,0.002,0.001,0.001,0.000,0.000,0.000,0.000,0.000,0.000,0.000,0.000,0.000,0.000,0.000,0.000,0.000,0.000,0.000],
#data all_hand_run_cumulative=>[0.514,0.757,0.883,0.942,0.970,0.985,0.993,0.996,0.998,0.999,0.999,1.000,1.000,1.000,1.000,1.000,1.000,1.000,1.000,1.000,1.000,1.000,1.000,1.000,1.000,1.000],

keyboard top row run length
------------------------------------------------------------
1                     1650880 73.8  73.8
2                      497133 22.2  96.0
3                       78000  3.5  99.5
4                       10430  0.5  99.9
5                        1112  0.0 100.0
6                         120  0.0 100.0
7                           8  0.0 100.0
8                           1  0.0 100.0

#data t_row_run_data=>[qw(1 2 3 4 5 6 7 8)],
#data t_row_run_frequency=>[0.738,0.222,0.035,0.005,0.000,0.000,0.000,0.000],
#data t_row_run_cumulative=>[0.738,0.960,0.995,0.999,1.000,1.000,1.000,1.000],

keyboard home row run length
------------------------------------------------------------
1                     1546295 52.9  52.9
2                      842138 28.8  81.7
3                      291874 10.0  91.7
4                      141920  4.9  96.5
5                       60198  2.1  98.6
6                       23696  0.8  99.4
7                       10139  0.3  99.8
8                        4370  0.1  99.9
9                        1697  0.1 100.0
10                        709  0.0 100.0
11                        270  0.0 100.0
12                        120  0.0 100.0
13                         53  0.0 100.0
14                         23  0.0 100.0
15                          7  0.0 100.0
16                          5  0.0 100.0
17                          1  0.0 100.0
18                          3  0.0 100.0
21                          1  0.0 100.0
22                          1  0.0 100.0
23                          1  0.0 100.0
24                          1  0.0 100.0
36                          1  0.0 100.0

#data h_row_run_data=>[qw(1 2 3 4 5 6 7 8 9 10 11 12 13 14 15 16 17 18 21 22 23 24 36)],
#data h_row_run_frequency=>[0.529,0.288,0.100,0.049,0.021,0.008,0.003,0.001,0.001,0.000,0.000,0.000,0.000,0.000,0.000,0.000,0.000,0.000,0.000,0.000,0.000,0.000,0.000],
#data h_row_run_cumulative=>[0.529,0.817,0.917,0.965,0.986,0.994,0.998,0.999,1.000,1.000,1.000,1.000,1.000,1.000,1.000,1.000,1.000,1.000,1.000,1.000,1.000,1.000,1.000],

keyboard bottom row run length
------------------------------------------------------------
1                     1244566 93.9  93.9
2                       80811  6.1 100.0
3                         369  0.0 100.0
4                          25  0.0 100.0
5                           2  0.0 100.0
10                          4  0.0 100.0

#data b_row_run_data=>[qw(1 2 3 4 5 10)],
#data b_row_run_frequency=>[0.939,0.061,0.000,0.000,0.000,0.000],
#data b_row_run_cumulative=>[0.939,1.000,1.000,1.000,1.000,1.000],

keyboard row run length
------------------------------------------------------------
1                     4441741 68.5  68.5
2                     1420082 21.9  90.4
3                      370243  5.7  96.1
4                      152375  2.3  98.4
5                       61312  0.9  99.4
6                       23816  0.4  99.7
7                       10147  0.2  99.9
8                        4371  0.1 100.0
9                        1697  0.0 100.0
10                        713  0.0 100.0
11                        270  0.0 100.0
12                        120  0.0 100.0
13                         53  0.0 100.0
14                         23  0.0 100.0
15                          7  0.0 100.0
16                          5  0.0 100.0
17                          1  0.0 100.0
18                          3  0.0 100.0
21                          1  0.0 100.0
22                          1  0.0 100.0
23                          1  0.0 100.0
24                          1  0.0 100.0
36                          1  0.0 100.0

#data all_row_run_data=>[qw(1 2 3 4 5 6 7 8 9 10 11 12 13 14 15 16 17 18 21 22 23 24 36)],
#data all_row_run_frequency=>[0.685,0.219,0.057,0.023,0.009,0.004,0.002,0.001,0.000,0.000,0.000,0.000,0.000,0.000,0.000,0.000,0.000,0.000,0.000,0.000,0.000,0.000,0.000],
#data all_row_run_cumulative=>[0.685,0.904,0.961,0.984,0.994,0.997,0.999,1.000,1.000,1.000,1.000,1.000,1.000,1.000,1.000,1.000,1.000,1.000,1.000,1.000,1.000,1.000,1.000],

keyboard finger run length
------------------------------------------------------------
1                     7542512 88.6  88.6
2                      885810 10.4  99.0
3                       76634  0.9  99.9
4                        8667  0.1 100.0
5                         938  0.0 100.0
6                         225  0.0 100.0
7                         123  0.0 100.0
8                           6  0.0 100.0
9                           6  0.0 100.0
10                          1  0.0 100.0
11                          3  0.0 100.0
12                          1  0.0 100.0
13                          1  0.0 100.0
20                          1  0.0 100.0

#data finger_run_data=>[qw(1 2 3 4 5 6 7 8 9 10 11 12 13 20)],
#data finger_run_frequency=>[0.886,0.104,0.009,0.001,0.000,0.000,0.000,0.000,0.000,0.000,0.000,0.000,0.000,0.000],
#data finger_run_cumulative=>[0.886,0.990,0.999,1.000,1.000,1.000,1.000,1.000,1.000,1.000,1.000,1.000,1.000,1.000],

keyboard same-hand row jump length
------------------------------------------------------------
1                     4384116 67.9  67.9
2                     1324335 20.5  88.3
3                      446498  6.9  95.3
4                      181978  2.8  98.1
5                       78777  1.2  99.3
6                       28932  0.4  99.7
7                       10450  0.2  99.9
8                        4081  0.1 100.0
9                        1483  0.0 100.0
10                        493  0.0 100.0
11                        182  0.0 100.0
12                         75  0.0 100.0
13                         33  0.0 100.0
14                          8  0.0 100.0
15                         12  0.0 100.0
18                          1  0.0 100.0
20                          1  0.0 100.0
27                          1  0.0 100.0

#data row_jump_data=>[qw(1 2 3 4 5 6 7 8 9 10 11 12 13 14 15 18 20 27)],
#data row_jump_frequency=>[0.679,0.205,0.069,0.028,0.012,0.004,0.002,0.001,0.000,0.000,0.000,0.000,0.000,0.000,0.000,0.000,0.000,0.000],
#data row_jump_cumulative=>[0.679,0.883,0.953,0.981,0.993,0.997,0.999,1.000,1.000,1.000,1.000,1.000,1.000,1.000,1.000,1.000,1.000,1.000],

corpus character frequency
------------------------------------------------------------
e                     1189270 12.4  12.4
t                      857621  8.9  21.4
a                      772047  8.1  29.4
o                      743158  7.8  37.2
i                      664716  6.9  44.1
n                      659446  6.9  51.0
h                      601534  6.3  57.2
s                      600522  6.3  63.5
r                      551354  5.8  69.3
d                      428936  4.5  73.7
l                      395151  4.1  77.9
u                      278222  2.9  80.8
m                      257890  2.7  83.5
w                      230357  2.4  85.9
c                      228885  2.4  88.2
f                      208786  2.2  90.4
y                      202083  2.1  92.5
g                      192882  2.0  94.5
p                      158583  1.7  96.2
b                      149480  1.6  97.8
v                       91308  1.0  98.7
k                       78419  0.8  99.5
j                       14421  0.2  99.7
x                       14308  0.1  99.8
q                       10285  0.1  99.9
z                        6129  0.1 100.0

#data character_frequency_data=>[qw(e t a o i n h s r d l u m w c f y g p b v k j x q z)],
#data character_frequency_frequency=>[0.124,0.089,0.081,0.078,0.069,0.069,0.063,0.063,0.058,0.045,0.041,0.029,0.027,0.024,0.024,0.022,0.021,0.020,0.017,0.016,0.010,0.008,0.002,0.001,0.001,0.001],
#data character_frequency_cumulative=>[0.124,0.214,0.294,0.372,0.441,0.510,0.572,0.635,0.693,0.737,0.779,0.808,0.835,0.859,0.882,0.904,0.925,0.945,0.962,0.978,0.987,0.995,0.997,0.998,0.999,1.000],

