Keyboard effort
------------------------------------------------------------
k1                      0.915  72.6  72.6
k1,k2                   1.203  22.8  95.4
k1,k2,k3                1.262   4.6 100.0
b                       0.331  15.9  15.9
p                       0.931  44.8 135.5
ph                      0.000   0.0   0.0
pr                      0.225  24.2  24.2
pf                      0.544  58.4  82.6
s                       0.816  39.3 100.0
all                     2.078 100.0 100.0

#data effort_k1=>[0.915,72.553,72.553],
#data effort_k12=>[1.203,22.822,95.376],
#data effort_k123=>[1.262,4.624,100.000],
#data effort_base=>[0.331,15.914,15.914],
#data effort_penalty=>[0.931,44.817,135.509],
#data effort_penalty_hand=>[0.000,0.000,0.000],
#data effort_penalty_row=>[0.225,24.196,24.196],
#data effort_penalty_finger=>[0.544,58.380,82.576],
#data effort_path=>[0.816,39.269,100.000],
#data effort_all=>[2.078,100.000,100.000],

keyboard row frequency
------------------------------------------------------------
1                     1821012 19.9  19.9
2                     6029308 65.9  85.8
3                     1300845 14.2 100.0

#data row_data=>[qw(1 2 3)],
#data row_frequency=>[0.199,0.659,0.142],
#data row_cumulative=>[0.199,0.858,1.000],

keyboard hand frequency
------------------------------------------------------------
0                     4515343 49.3  49.3
1                     4635822 50.7 100.0

#data hand_data=>[qw(0 1)],
#data hand_frequency=>[0.493,0.507],
#data hand_cumulative=>[0.493,1.000],

keyboard finger frequency
------------------------------------------------------------
0                      762228  8.3   8.3
1                      992592 10.8  19.2
2                     1307130 14.3  33.5
3                     1453393 15.9  49.3
6                     1425868 15.6  64.9
7                     1574536 17.2  82.1
8                      912436 10.0  92.1
9                      722982  7.9 100.0

#data finger_data=>[qw(0 1 2 3 6 7 8 9)],
#data finger_frequency=>[0.083,0.108,0.143,0.159,0.156,0.172,0.100,0.079],
#data finger_cumulative=>[0.083,0.192,0.335,0.493,0.649,0.821,0.921,1.000],

keyboard left hand run length
------------------------------------------------------------
1                     1110050 47.7  47.7
2                      600397 25.8  73.6
3                      312675 13.4  87.0
4                      151745  6.5  93.5
5                       74235  3.2  96.7
6                       38155  1.6  98.4
7                       18386  0.8  99.2
8                        9481  0.4  99.6
9                        4798  0.2  99.8
10                       2451  0.1  99.9
11                       1274  0.1  99.9
12                        628  0.0 100.0
13                        319  0.0 100.0
14                        146  0.0 100.0
15                         84  0.0 100.0
16                         49  0.0 100.0
17                         21  0.0 100.0
18                         11  0.0 100.0
19                          6  0.0 100.0
20                          3  0.0 100.0
21                          2  0.0 100.0
22                          1  0.0 100.0
23                          1  0.0 100.0
25                          1  0.0 100.0

#data left_hand_run_data=>[qw(1 2 3 4 5 6 7 8 9 10 11 12 13 14 15 16 17 18 19 20 21 22 23 25)],
#data left_hand_run_frequency=>[0.477,0.258,0.134,0.065,0.032,0.016,0.008,0.004,0.002,0.001,0.001,0.000,0.000,0.000,0.000,0.000,0.000,0.000,0.000,0.000,0.000,0.000,0.000,0.000],
#data left_hand_run_cumulative=>[0.477,0.736,0.870,0.935,0.967,0.984,0.992,0.996,0.998,0.999,0.999,1.000,1.000,1.000,1.000,1.000,1.000,1.000,1.000,1.000,1.000,1.000,1.000,1.000],

keyboard right hand run length
------------------------------------------------------------
1                     1068553 46.0  46.0
2                      641697 27.6  73.6
3                      294416 12.7  86.2
4                      170961  7.4  93.6
5                       67762  2.9  96.5
6                       42462  1.8  98.3
7                       18667  0.8  99.1
8                       10060  0.4  99.6
9                        5245  0.2  99.8
10                       2642  0.1  99.9
11                       1210  0.1  99.9
12                        590  0.0 100.0
13                        331  0.0 100.0
14                        163  0.0 100.0
15                         74  0.0 100.0
16                         34  0.0 100.0
17                         21  0.0 100.0
18                         12  0.0 100.0
19                          4  0.0 100.0
20                          4  0.0 100.0
21                          2  0.0 100.0
22                          2  0.0 100.0
23                          1  0.0 100.0
24                          1  0.0 100.0
25                          1  0.0 100.0
26                          1  0.0 100.0
34                          1  0.0 100.0

#data right_hand_run_data=>[qw(1 2 3 4 5 6 7 8 9 10 11 12 13 14 15 16 17 18 19 20 21 22 23 24 25 26 34)],
#data right_hand_run_frequency=>[0.460,0.276,0.127,0.074,0.029,0.018,0.008,0.004,0.002,0.001,0.001,0.000,0.000,0.000,0.000,0.000,0.000,0.000,0.000,0.000,0.000,0.000,0.000,0.000,0.000,0.000,0.000],
#data right_hand_run_cumulative=>[0.460,0.736,0.862,0.936,0.965,0.983,0.991,0.996,0.998,0.999,0.999,1.000,1.000,1.000,1.000,1.000,1.000,1.000,1.000,1.000,1.000,1.000,1.000,1.000,1.000,1.000,1.000],

keyboard hand run length
------------------------------------------------------------
1                     2178603 46.9  46.9
2                     1242094 26.7  73.6
3                      607091 13.1  86.6
4                      322706  6.9  93.6
5                      141997  3.1  96.6
6                       80617  1.7  98.3
7                       37053  0.8  99.1
8                       19541  0.4  99.6
9                       10043  0.2  99.8
10                       5093  0.1  99.9
11                       2484  0.1  99.9
12                       1218  0.0 100.0
13                        650  0.0 100.0
14                        309  0.0 100.0
15                        158  0.0 100.0
16                         83  0.0 100.0
17                         42  0.0 100.0
18                         23  0.0 100.0
19                         10  0.0 100.0
20                          7  0.0 100.0
21                          4  0.0 100.0
22                          3  0.0 100.0
23                          2  0.0 100.0
24                          1  0.0 100.0
25                          2  0.0 100.0
26                          1  0.0 100.0
34                          1  0.0 100.0

#data all_hand_run_data=>[qw(1 2 3 4 5 6 7 8 9 10 11 12 13 14 15 16 17 18 19 20 21 22 23 24 25 26 34)],
#data all_hand_run_frequency=>[0.469,0.267,0.131,0.069,0.031,0.017,0.008,0.004,0.002,0.001,0.001,0.000,0.000,0.000,0.000,0.000,0.000,0.000,0.000,0.000,0.000,0.000,0.000,0.000,0.000,0.000,0.000],
#data all_hand_run_cumulative=>[0.469,0.736,0.866,0.936,0.966,0.983,0.991,0.996,0.998,0.999,0.999,1.000,1.000,1.000,1.000,1.000,1.000,1.000,1.000,1.000,1.000,1.000,1.000,1.000,1.000,1.000,1.000],

keyboard top row run length
------------------------------------------------------------
1                     1395100 85.1  85.1
2                      219280 13.4  98.4
3                       22625  1.4  99.8
4                        2572  0.2 100.0
5                         334  0.0 100.0
6                          29  0.0 100.0
7                           1  0.0 100.0
8                           1  0.0 100.0

#data t_row_run_data=>[qw(1 2 3 4 5 6 7 8)],
#data t_row_run_frequency=>[0.851,0.134,0.014,0.002,0.000,0.000,0.000,0.000],
#data t_row_run_cumulative=>[0.851,0.984,0.998,1.000,1.000,1.000,1.000,1.000],

keyboard home row run length
------------------------------------------------------------
1                      879186 36.7  36.7
2                      566164 23.7  60.4
3                      365488 15.3  75.7
4                      221268  9.2  84.9
5                      148221  6.2  91.1
6                       85086  3.6  94.7
7                       50733  2.1  96.8
8                       31752  1.3  98.1
9                       18724  0.8  98.9
10                      10831  0.5  99.3
11                       6482  0.3  99.6
12                       3819  0.2  99.8
13                       2213  0.1  99.9
14                       1321  0.1  99.9
15                        727  0.0 100.0
16                        443  0.0 100.0
17                        280  0.0 100.0
18                        166  0.0 100.0
19                        104  0.0 100.0
20                         52  0.0 100.0
21                         23  0.0 100.0
22                          9  0.0 100.0
23                         13  0.0 100.0
24                          7  0.0 100.0
25                          7  0.0 100.0
26                          4  0.0 100.0
27                          1  0.0 100.0
29                          1  0.0 100.0
31                          2  0.0 100.0

#data h_row_run_data=>[qw(1 2 3 4 5 6 7 8 9 10 11 12 13 14 15 16 17 18 19 20 21 22 23 24 25 26 27 29 31)],
#data h_row_run_frequency=>[0.367,0.237,0.153,0.092,0.062,0.036,0.021,0.013,0.008,0.005,0.003,0.002,0.001,0.001,0.000,0.000,0.000,0.000,0.000,0.000,0.000,0.000,0.000,0.000,0.000,0.000,0.000,0.000,0.000],
#data h_row_run_cumulative=>[0.367,0.604,0.757,0.849,0.911,0.947,0.968,0.981,0.989,0.993,0.996,0.998,0.999,0.999,1.000,1.000,1.000,1.000,1.000,1.000,1.000,1.000,1.000,1.000,1.000,1.000,1.000,1.000,1.000],

keyboard bottom row run length
------------------------------------------------------------
1                      858041 79.0  79.0
2                      199038 18.3  97.4
3                       24552  2.3  99.6
4                        3621  0.3 100.0
5                         393  0.0 100.0
6                          47  0.0 100.0
7                          16  0.0 100.0
8                           9  0.0 100.0
10                          1  0.0 100.0
11                          4  0.0 100.0
12                          1  0.0 100.0
18                          1  0.0 100.0

#data b_row_run_data=>[qw(1 2 3 4 5 6 7 8 10 11 12 18)],
#data b_row_run_frequency=>[0.790,0.183,0.023,0.003,0.000,0.000,0.000,0.000,0.000,0.000,0.000,0.000],
#data b_row_run_cumulative=>[0.790,0.974,0.996,1.000,1.000,1.000,1.000,1.000,1.000,1.000,1.000,1.000],

keyboard row run length
------------------------------------------------------------
1                     3132327 61.2  61.2
2                      984482 19.2  80.4
3                      412665  8.1  88.5
4                      227461  4.4  92.9
5                      148948  2.9  95.8
6                       85162  1.7  97.5
7                       50750  1.0  98.5
8                       31762  0.6  99.1
9                       18724  0.4  99.5
10                      10832  0.2  99.7
11                       6486  0.1  99.8
12                       3820  0.1  99.9
13                       2213  0.0  99.9
14                       1321  0.0 100.0
15                        727  0.0 100.0
16                        443  0.0 100.0
17                        280  0.0 100.0
18                        167  0.0 100.0
19                        104  0.0 100.0
20                         52  0.0 100.0
21                         23  0.0 100.0
22                          9  0.0 100.0
23                         13  0.0 100.0
24                          7  0.0 100.0
25                          7  0.0 100.0
26                          4  0.0 100.0
27                          1  0.0 100.0
29                          1  0.0 100.0
31                          2  0.0 100.0

#data all_row_run_data=>[qw(1 2 3 4 5 6 7 8 9 10 11 12 13 14 15 16 17 18 19 20 21 22 23 24 25 26 27 29 31)],
#data all_row_run_frequency=>[0.612,0.192,0.081,0.044,0.029,0.017,0.010,0.006,0.004,0.002,0.001,0.001,0.000,0.000,0.000,0.000,0.000,0.000,0.000,0.000,0.000,0.000,0.000,0.000,0.000,0.000,0.000,0.000,0.000],
#data all_row_run_cumulative=>[0.612,0.804,0.885,0.929,0.958,0.975,0.985,0.991,0.995,0.997,0.998,0.999,0.999,1.000,1.000,1.000,1.000,1.000,1.000,1.000,1.000,1.000,1.000,1.000,1.000,1.000,1.000,1.000,1.000],

keyboard finger run length
------------------------------------------------------------
1                     8367585 93.3  93.3
2                      579764  6.5  99.8
3                       17766  0.2 100.0
4                        1220  0.0 100.0
5                          38  0.0 100.0
6                          19  0.0 100.0
7                           6  0.0 100.0
8                           2  0.0 100.0
9                           5  0.0 100.0
11                          4  0.0 100.0
12                          1  0.0 100.0
19                          1  0.0 100.0
20                          1  0.0 100.0

#data finger_run_data=>[qw(1 2 3 4 5 6 7 8 9 11 12 19 20)],
#data finger_run_frequency=>[0.933,0.065,0.002,0.000,0.000,0.000,0.000,0.000,0.000,0.000,0.000,0.000,0.000],
#data finger_run_cumulative=>[0.933,0.998,1.000,1.000,1.000,1.000,1.000,1.000,1.000,1.000,1.000,1.000,1.000],

keyboard same-hand row jump length
------------------------------------------------------------
1                     5371730 75.1  75.1
2                     1249199 17.5  92.6
3                      393816  5.5  98.1
4                       96111  1.3  99.4
5                       28562  0.4  99.8
6                        7839  0.1 100.0
7                        2156  0.0 100.0
8                         553  0.0 100.0
9                         397  0.0 100.0
10                         96  0.0 100.0
11                         15  0.0 100.0
12                          8  0.0 100.0
13                          2  0.0 100.0
14                          1  0.0 100.0
15                          1  0.0 100.0
16                          2  0.0 100.0
19                          1  0.0 100.0

#data row_jump_data=>[qw(1 2 3 4 5 6 7 8 9 10 11 12 13 14 15 16 19)],
#data row_jump_frequency=>[0.751,0.175,0.055,0.013,0.004,0.001,0.000,0.000,0.000,0.000,0.000,0.000,0.000,0.000,0.000,0.000,0.000],
#data row_jump_cumulative=>[0.751,0.926,0.981,0.994,0.998,1.000,1.000,1.000,1.000,1.000,1.000,1.000,1.000,1.000,1.000,1.000,1.000],

corpus character frequency
------------------------------------------------------------
e                     1189270 12.4  12.4
t                      857621  8.9  21.4
a                      772047  8.1  29.4
o                      743158  7.8  37.2
i                      664716  6.9  44.1
n                      659446  6.9  51.0
h                      601534  6.3  57.2
s                      600522  6.3  63.5
r                      551354  5.8  69.3
d                      428936  4.5  73.7
l                      395151  4.1  77.9
u                      278222  2.9  80.8
m                      257890  2.7  83.5
w                      230357  2.4  85.9
c                      228885  2.4  88.2
f                      208786  2.2  90.4
y                      202083  2.1  92.5
g                      192882  2.0  94.5
p                      158583  1.7  96.2
b                      149480  1.6  97.8
v                       91308  1.0  98.7
k                       78419  0.8  99.5
j                       14421  0.2  99.7
x                       14308  0.1  99.8
q                       10285  0.1  99.9
z                        6129  0.1 100.0

#data character_frequency_data=>[qw(e t a o i n h s r d l u m w c f y g p b v k j x q z)],
#data character_frequency_frequency=>[0.124,0.089,0.081,0.078,0.069,0.069,0.063,0.063,0.058,0.045,0.041,0.029,0.027,0.024,0.024,0.022,0.021,0.020,0.017,0.016,0.010,0.008,0.002,0.001,0.001,0.001],
#data character_frequency_cumulative=>[0.124,0.214,0.294,0.372,0.441,0.510,0.572,0.635,0.693,0.737,0.779,0.808,0.835,0.859,0.882,0.904,0.925,0.945,0.962,0.978,0.987,0.995,0.997,0.998,0.999,1.000],

