Keyboard effort
------------------------------------------------------------
k1                      0.869  74.8  74.8
k1,k2                   1.118  21.5  96.2
k1,k2,k3                1.162   3.8 100.0
b                       0.372  19.0  19.0
p                       0.790  40.4 147.1
ph                      0.000   0.0   0.0
pr                      0.173  21.9  21.9
pf                      0.489  61.9  83.9
s                       0.793  40.6 100.0
all                     1.954 100.0 100.0

#data effort_k1=>[0.869,74.793,74.793],
#data effort_k12=>[1.118,21.451,96.244],
#data effort_k123=>[1.162,3.756,100.000],
#data effort_base=>[0.372,19.042,19.042],
#data effort_penalty=>[0.790,40.398,147.135],
#data effort_penalty_hand=>[0.000,0.000,0.000],
#data effort_penalty_row=>[0.173,21.946,21.946],
#data effort_penalty_finger=>[0.489,61.948,83.894],
#data effort_path=>[0.793,40.560,100.000],
#data effort_all=>[1.954,100.000,100.000],

keyboard row frequency
------------------------------------------------------------
1                     2021309 22.1  22.1
2                     6393077 69.9  91.9
3                      736779  8.1 100.0

#data row_data=>[qw(1 2 3)],
#data row_frequency=>[0.221,0.699,0.081],
#data row_cumulative=>[0.221,0.919,1.000],

keyboard hand frequency
------------------------------------------------------------
0                     4233317 46.3  46.3
1                     4917848 53.7 100.0

#data hand_data=>[qw(0 1)],
#data hand_frequency=>[0.463,0.537],
#data hand_cumulative=>[0.463,1.000],

keyboard finger frequency
------------------------------------------------------------
0                      764404  8.4   8.4
1                      805304  8.8  17.2
2                      696590  7.6  24.8
3                     1967019 21.5  46.3
6                     1915521 20.9  67.2
7                     1490569 16.3  83.5
8                      799027  8.7  92.2
9                      712731  7.8 100.0

#data finger_data=>[qw(0 1 2 3 6 7 8 9)],
#data finger_frequency=>[0.084,0.088,0.076,0.215,0.209,0.163,0.087,0.078],
#data finger_cumulative=>[0.084,0.172,0.248,0.463,0.672,0.835,0.922,1.000],

keyboard left hand run length
------------------------------------------------------------
1                     1501826 56.6  56.6
2                      764118 28.8  85.3
3                      245939  9.3  94.6
4                       92063  3.5  98.1
5                       32504  1.2  99.3
6                       11993  0.5  99.7
7                        4123  0.2  99.9
8                        1524  0.1 100.0
9                         632  0.0 100.0
10                        227  0.0 100.0
11                         93  0.0 100.0
12                         21  0.0 100.0
13                         17  0.0 100.0
14                          4  0.0 100.0
15                          3  0.0 100.0
16                          3  0.0 100.0
17                          1  0.0 100.0
18                          1  0.0 100.0
19                          1  0.0 100.0

#data left_hand_run_data=>[qw(1 2 3 4 5 6 7 8 9 10 11 12 13 14 15 16 17 18 19)],
#data left_hand_run_frequency=>[0.566,0.288,0.093,0.035,0.012,0.005,0.002,0.001,0.000,0.000,0.000,0.000,0.000,0.000,0.000,0.000,0.000,0.000,0.000],
#data left_hand_run_cumulative=>[0.566,0.853,0.946,0.981,0.993,0.997,0.999,1.000,1.000,1.000,1.000,1.000,1.000,1.000,1.000,1.000,1.000,1.000,1.000],

keyboard right hand run length
------------------------------------------------------------
1                     1270168 47.8  47.8
2                      736994 27.8  75.6
3                      371577 14.0  89.6
4                      158966  6.0  95.6
5                       69972  2.6  98.2
6                       27588  1.0  99.3
7                       11169  0.4  99.7
8                        4961  0.2  99.9
9                        2021  0.1  99.9
10                        923  0.0 100.0
11                        388  0.0 100.0
12                        194  0.0 100.0
13                         78  0.0 100.0
14                         48  0.0 100.0
15                         22  0.0 100.0
16                         11  0.0 100.0
17                          5  0.0 100.0
18                          2  0.0 100.0
19                          1  0.0 100.0
20                          1  0.0 100.0
21                          1  0.0 100.0
22                          1  0.0 100.0
24                          1  0.0 100.0
30                          1  0.0 100.0

#data right_hand_run_data=>[qw(1 2 3 4 5 6 7 8 9 10 11 12 13 14 15 16 17 18 19 20 21 22 24 30)],
#data right_hand_run_frequency=>[0.478,0.278,0.140,0.060,0.026,0.010,0.004,0.002,0.001,0.000,0.000,0.000,0.000,0.000,0.000,0.000,0.000,0.000,0.000,0.000,0.000,0.000,0.000,0.000],
#data right_hand_run_cumulative=>[0.478,0.756,0.896,0.956,0.982,0.993,0.997,0.999,0.999,1.000,1.000,1.000,1.000,1.000,1.000,1.000,1.000,1.000,1.000,1.000,1.000,1.000,1.000,1.000],

keyboard hand run length
------------------------------------------------------------
1                     2771994 52.2  52.2
2                     1501112 28.3  80.5
3                      617516 11.6  92.1
4                      251029  4.7  96.8
5                      102476  1.9  98.8
6                       39581  0.7  99.5
7                       15292  0.3  99.8
8                        6485  0.1  99.9
9                        2653  0.0 100.0
10                       1150  0.0 100.0
11                        481  0.0 100.0
12                        215  0.0 100.0
13                         95  0.0 100.0
14                         52  0.0 100.0
15                         25  0.0 100.0
16                         14  0.0 100.0
17                          6  0.0 100.0
18                          3  0.0 100.0
19                          2  0.0 100.0
20                          1  0.0 100.0
21                          1  0.0 100.0
22                          1  0.0 100.0
24                          1  0.0 100.0
30                          1  0.0 100.0

#data all_hand_run_data=>[qw(1 2 3 4 5 6 7 8 9 10 11 12 13 14 15 16 17 18 19 20 21 22 24 30)],
#data all_hand_run_frequency=>[0.522,0.283,0.116,0.047,0.019,0.007,0.003,0.001,0.000,0.000,0.000,0.000,0.000,0.000,0.000,0.000,0.000,0.000,0.000,0.000,0.000,0.000,0.000,0.000],
#data all_hand_run_cumulative=>[0.522,0.805,0.921,0.968,0.988,0.995,0.998,0.999,1.000,1.000,1.000,1.000,1.000,1.000,1.000,1.000,1.000,1.000,1.000,1.000,1.000,1.000,1.000,1.000],

keyboard top row run length
------------------------------------------------------------
1                     1251771 76.3  76.3
2                      323801 19.7  96.0
3                       51971  3.2  99.2
4                       10786  0.7  99.8
5                        2023  0.1 100.0
6                         590  0.0 100.0
7                         132  0.0 100.0
8                          21  0.0 100.0
9                           4  0.0 100.0
12                          1  0.0 100.0
15                          1  0.0 100.0

#data t_row_run_data=>[qw(1 2 3 4 5 6 7 8 9 12 15)],
#data t_row_run_frequency=>[0.763,0.197,0.032,0.007,0.001,0.000,0.000,0.000,0.000,0.000,0.000],
#data t_row_run_cumulative=>[0.763,0.960,0.992,0.998,1.000,1.000,1.000,1.000,1.000,1.000,1.000],

keyboard home row run length
------------------------------------------------------------
1                      739284 35.5  35.5
2                      366112 17.6  53.1
3                      277596 13.3  66.4
4                      208693 10.0  76.4
5                      145636  7.0  83.4
6                      105896  5.1  88.5
7                       74113  3.6  92.0
8                       52163  2.5  94.5
9                       35487  1.7  96.2
10                      25071  1.2  97.4
11                      17082  0.8  98.3
12                      11410  0.5  98.8
13                       7685  0.4  99.2
14                       5369  0.3  99.4
15                       3634  0.2  99.6
16                       2519  0.1  99.7
17                       1783  0.1  99.8
18                       1206  0.1  99.9
19                        816  0.0  99.9
20                        544  0.0  99.9
21                        381  0.0 100.0
22                        222  0.0 100.0
23                        200  0.0 100.0
24                        152  0.0 100.0
25                         87  0.0 100.0
26                         57  0.0 100.0
27                         40  0.0 100.0
28                         19  0.0 100.0
29                         23  0.0 100.0
30                          6  0.0 100.0
31                          9  0.0 100.0
32                          5  0.0 100.0
33                          6  0.0 100.0
34                          3  0.0 100.0
35                          2  0.0 100.0
36                          1  0.0 100.0
38                          1  0.0 100.0
39                          2  0.0 100.0

#data h_row_run_data=>[qw(1 2 3 4 5 6 7 8 9 10 11 12 13 14 15 16 17 18 19 20 21 22 23 24 25 26 27 28 29 30 31 32 33 34 35 36 38 39)],
#data h_row_run_frequency=>[0.355,0.176,0.133,0.100,0.070,0.051,0.036,0.025,0.017,0.012,0.008,0.005,0.004,0.003,0.002,0.001,0.001,0.001,0.000,0.000,0.000,0.000,0.000,0.000,0.000,0.000,0.000,0.000,0.000,0.000,0.000,0.000,0.000,0.000,0.000,0.000,0.000,0.000],
#data h_row_run_cumulative=>[0.355,0.531,0.664,0.764,0.834,0.885,0.920,0.945,0.962,0.974,0.983,0.988,0.992,0.994,0.996,0.997,0.998,0.999,0.999,0.999,1.000,1.000,1.000,1.000,1.000,1.000,1.000,1.000,1.000,1.000,1.000,1.000,1.000,1.000,1.000,1.000,1.000,1.000],

keyboard bottom row run length
------------------------------------------------------------
1                      709463 96.4  96.4
2                       26160  3.6 100.0
3                         176  0.0 100.0
4                          16  0.0 100.0
5                           2  0.0 100.0
9                           4  0.0 100.0

#data b_row_run_data=>[qw(1 2 3 4 5 9)],
#data b_row_run_frequency=>[0.964,0.036,0.000,0.000,0.000,0.000],
#data b_row_run_cumulative=>[0.964,1.000,1.000,1.000,1.000,1.000],

keyboard row run length
------------------------------------------------------------
1                     2700518 60.5  60.5
2                      716073 16.1  76.6
3                      329743  7.4  84.0
4                      219495  4.9  88.9
5                      147661  3.3  92.2
6                      106486  2.4  94.6
7                       74245  1.7  96.3
8                       52184  1.2  97.4
9                       35495  0.8  98.2
10                      25071  0.6  98.8
11                      17082  0.4  99.2
12                      11411  0.3  99.4
13                       7685  0.2  99.6
14                       5369  0.1  99.7
15                       3635  0.1  99.8
16                       2519  0.1  99.9
17                       1783  0.0  99.9
18                       1206  0.0  99.9
19                        816  0.0 100.0
20                        544  0.0 100.0
21                        381  0.0 100.0
22                        222  0.0 100.0
23                        200  0.0 100.0
24                        152  0.0 100.0
25                         87  0.0 100.0
26                         57  0.0 100.0
27                         40  0.0 100.0
28                         19  0.0 100.0
29                         23  0.0 100.0
30                          6  0.0 100.0
31                          9  0.0 100.0
32                          5  0.0 100.0
33                          6  0.0 100.0
34                          3  0.0 100.0
35                          2  0.0 100.0
36                          1  0.0 100.0
38                          1  0.0 100.0
39                          2  0.0 100.0

#data all_row_run_data=>[qw(1 2 3 4 5 6 7 8 9 10 11 12 13 14 15 16 17 18 19 20 21 22 23 24 25 26 27 28 29 30 31 32 33 34 35 36 38 39)],
#data all_row_run_frequency=>[0.605,0.161,0.074,0.049,0.033,0.024,0.017,0.012,0.008,0.006,0.004,0.003,0.002,0.001,0.001,0.001,0.000,0.000,0.000,0.000,0.000,0.000,0.000,0.000,0.000,0.000,0.000,0.000,0.000,0.000,0.000,0.000,0.000,0.000,0.000,0.000,0.000,0.000],
#data all_row_run_cumulative=>[0.605,0.766,0.840,0.889,0.922,0.946,0.963,0.974,0.982,0.988,0.992,0.994,0.996,0.997,0.998,0.999,0.999,0.999,1.000,1.000,1.000,1.000,1.000,1.000,1.000,1.000,1.000,1.000,1.000,1.000,1.000,1.000,1.000,1.000,1.000,1.000,1.000,1.000],

keyboard finger run length
------------------------------------------------------------
1                     7868867 90.5  90.5
2                      753799  8.7  99.2
3                       61897  0.7  99.9
4                        5362  0.1 100.0
5                         352  0.0 100.0
6                          35  0.0 100.0
7                           7  0.0 100.0
8                           4  0.0 100.0
9                           7  0.0 100.0
10                          1  0.0 100.0
11                          3  0.0 100.0
12                          1  0.0 100.0
20                          1  0.0 100.0

#data finger_run_data=>[qw(1 2 3 4 5 6 7 8 9 10 11 12 20)],
#data finger_run_frequency=>[0.905,0.087,0.007,0.001,0.000,0.000,0.000,0.000,0.000,0.000,0.000,0.000,0.000],
#data finger_run_cumulative=>[0.905,0.992,0.999,1.000,1.000,1.000,1.000,1.000,1.000,1.000,1.000,1.000,1.000],

keyboard same-hand row jump length
------------------------------------------------------------
1                     6193130 81.0  81.0
2                     1008341 13.2  94.2
3                      310792  4.1  98.3
4                       90510  1.2  99.5
5                       27428  0.4  99.8
6                        7616  0.1  99.9
7                        3585  0.0 100.0
8                        1011  0.0 100.0
9                         295  0.0 100.0
10                         97  0.0 100.0
11                         35  0.0 100.0
12                         28  0.0 100.0
13                          4  0.0 100.0
14                          1  0.0 100.0
17                          2  0.0 100.0
24                          1  0.0 100.0

#data row_jump_data=>[qw(1 2 3 4 5 6 7 8 9 10 11 12 13 14 17 24)],
#data row_jump_frequency=>[0.810,0.132,0.041,0.012,0.004,0.001,0.000,0.000,0.000,0.000,0.000,0.000,0.000,0.000,0.000,0.000],
#data row_jump_cumulative=>[0.810,0.942,0.983,0.995,0.998,0.999,1.000,1.000,1.000,1.000,1.000,1.000,1.000,1.000,1.000,1.000],

corpus character frequency
------------------------------------------------------------
e                     1189270 12.4  12.4
t                      857621  8.9  21.4
a                      772047  8.1  29.4
o                      743158  7.8  37.2
i                      664716  6.9  44.1
n                      659446  6.9  51.0
h                      601534  6.3  57.2
s                      600522  6.3  63.5
r                      551354  5.8  69.3
d                      428936  4.5  73.7
l                      395151  4.1  77.9
u                      278222  2.9  80.8
m                      257890  2.7  83.5
w                      230357  2.4  85.9
c                      228885  2.4  88.2
f                      208786  2.2  90.4
y                      202083  2.1  92.5
g                      192882  2.0  94.5
p                      158583  1.7  96.2
b                      149480  1.6  97.8
v                       91308  1.0  98.7
k                       78419  0.8  99.5
j                       14421  0.2  99.7
x                       14308  0.1  99.8
q                       10285  0.1  99.9
z                        6129  0.1 100.0

#data character_frequency_data=>[qw(e t a o i n h s r d l u m w c f y g p b v k j x q z)],
#data character_frequency_frequency=>[0.124,0.089,0.081,0.078,0.069,0.069,0.063,0.063,0.058,0.045,0.041,0.029,0.027,0.024,0.024,0.022,0.021,0.020,0.017,0.016,0.010,0.008,0.002,0.001,0.001,0.001],
#data character_frequency_cumulative=>[0.124,0.214,0.294,0.372,0.441,0.510,0.572,0.635,0.693,0.737,0.779,0.808,0.835,0.859,0.882,0.904,0.925,0.945,0.962,0.978,0.987,0.995,0.997,0.998,0.999,1.000],

