Keyboard effort
------------------------------------------------------------
k1                      0.801  76.9  76.9
k1,k2                   1.008  19.9  96.8
k1,k2,k3                1.041   3.2 100.0
b                       0.341  19.4  19.4
p                       0.700  39.9 148.7
ph                      0.000   0.0   0.0
pr                      0.139  19.9  19.9
pf                      0.482  68.8  88.6
s                       0.715  40.7 100.0
all                     1.756 100.0 100.0

#data effort_k1=>[0.801,76.891,76.891],
#data effort_k12=>[1.008,19.927,96.818],
#data effort_k123=>[1.041,3.182,100.000],
#data effort_base=>[0.341,19.413,19.413],
#data effort_penalty=>[0.700,39.888,148.669],
#data effort_penalty_hand=>[0.000,0.000,0.000],
#data effort_penalty_row=>[0.139,19.865,19.865],
#data effort_penalty_finger=>[0.482,68.752,88.617],
#data effort_path=>[0.715,40.698,100.000],
#data effort_all=>[1.756,100.000,100.000],

keyboard row frequency
------------------------------------------------------------
1                     1988737 21.7  21.7
2                     6734080 73.6  95.3
3                      428348  4.7 100.0

#data row_data=>[qw(1 2 3)],
#data row_frequency=>[0.217,0.736,0.047],
#data row_cumulative=>[0.217,0.953,1.000],

keyboard hand frequency
------------------------------------------------------------
0                     4490719 49.1  49.1
1                     4660446 50.9 100.0

#data hand_data=>[qw(0 1)],
#data hand_frequency=>[0.491,0.509],
#data hand_cumulative=>[0.491,1.000],

keyboard finger frequency
------------------------------------------------------------
0                      712879  7.8   7.8
1                      765908  8.4  16.2
2                     1217178 13.3  29.5
3                     1794754 19.6  49.1
6                     1773065 19.4  68.4
7                     1384856 15.1  83.6
8                      859372  9.4  93.0
9                      643153  7.0 100.0

#data finger_data=>[qw(0 1 2 3 6 7 8 9)],
#data finger_frequency=>[0.078,0.084,0.133,0.196,0.194,0.151,0.094,0.070],
#data finger_cumulative=>[0.078,0.162,0.295,0.491,0.684,0.836,0.930,1.000],

keyboard left hand run length
------------------------------------------------------------
1                     1699338 56.7  56.7
2                      942665 31.5  88.2
3                      290570  9.7  97.9
4                       52193  1.7  99.6
5                       10278  0.3  99.9
6                        1493  0.0 100.0
7                         186  0.0 100.0
8                          27  0.0 100.0
9                           3  0.0 100.0
10                          7  0.0 100.0
11                          2  0.0 100.0
21                          1  0.0 100.0

#data left_hand_run_data=>[qw(1 2 3 4 5 6 7 8 9 10 11 21)],
#data left_hand_run_frequency=>[0.567,0.315,0.097,0.017,0.003,0.000,0.000,0.000,0.000,0.000,0.000,0.000],
#data left_hand_run_cumulative=>[0.567,0.882,0.979,0.996,0.999,1.000,1.000,1.000,1.000,1.000,1.000,1.000],

keyboard right hand run length
------------------------------------------------------------
1                     1714972 57.2  57.2
2                      902544 30.1  87.3
3                      235704  7.9  95.2
4                      102672  3.4  98.6
5                       29496  1.0  99.6
6                        8001  0.3  99.9
7                        2353  0.1 100.0
8                         711  0.0 100.0
9                         168  0.0 100.0
10                         78  0.0 100.0
11                         34  0.0 100.0
12                         12  0.0 100.0
13                          4  0.0 100.0
14                          5  0.0 100.0
15                          4  0.0 100.0
16                          2  0.0 100.0
20                          1  0.0 100.0
21                          1  0.0 100.0
22                          2  0.0 100.0
23                          1  0.0 100.0

#data right_hand_run_data=>[qw(1 2 3 4 5 6 7 8 9 10 11 12 13 14 15 16 20 21 22 23)],
#data right_hand_run_frequency=>[0.572,0.301,0.079,0.034,0.010,0.003,0.001,0.000,0.000,0.000,0.000,0.000,0.000,0.000,0.000,0.000,0.000,0.000,0.000,0.000],
#data right_hand_run_cumulative=>[0.572,0.873,0.952,0.986,0.996,0.999,1.000,1.000,1.000,1.000,1.000,1.000,1.000,1.000,1.000,1.000,1.000,1.000,1.000,1.000],

keyboard hand run length
------------------------------------------------------------
1                     3414310 57.0  57.0
2                     1845209 30.8  87.8
3                      526274  8.8  96.5
4                      154865  2.6  99.1
5                       39774  0.7  99.8
6                        9494  0.2  99.9
7                        2539  0.0 100.0
8                         738  0.0 100.0
9                         171  0.0 100.0
10                         85  0.0 100.0
11                         36  0.0 100.0
12                         12  0.0 100.0
13                          4  0.0 100.0
14                          5  0.0 100.0
15                          4  0.0 100.0
16                          2  0.0 100.0
20                          1  0.0 100.0
21                          2  0.0 100.0
22                          2  0.0 100.0
23                          1  0.0 100.0

#data all_hand_run_data=>[qw(1 2 3 4 5 6 7 8 9 10 11 12 13 14 15 16 20 21 22 23)],
#data all_hand_run_frequency=>[0.570,0.308,0.088,0.026,0.007,0.002,0.000,0.000,0.000,0.000,0.000,0.000,0.000,0.000,0.000,0.000,0.000,0.000,0.000,0.000],
#data all_hand_run_cumulative=>[0.570,0.878,0.965,0.991,0.998,0.999,1.000,1.000,1.000,1.000,1.000,1.000,1.000,1.000,1.000,1.000,1.000,1.000,1.000,1.000],

keyboard top row run length
------------------------------------------------------------
1                     1194806 75.4  75.4
2                      310597 19.6  95.0
3                       61945  3.9  99.0
4                       12620  0.8  99.7
5                        3011  0.2  99.9
6                         774  0.0 100.0
7                         144  0.0 100.0
8                          28  0.0 100.0
9                           8  0.0 100.0
10                          3  0.0 100.0
11                          3  0.0 100.0
12                          1  0.0 100.0
14                          1  0.0 100.0
27                          1  0.0 100.0

#data t_row_run_data=>[qw(1 2 3 4 5 6 7 8 9 10 11 12 14 27)],
#data t_row_run_frequency=>[0.754,0.196,0.039,0.008,0.002,0.000,0.000,0.000,0.000,0.000,0.000,0.000,0.000,0.000],
#data t_row_run_cumulative=>[0.754,0.950,0.990,0.997,0.999,1.000,1.000,1.000,1.000,1.000,1.000,1.000,1.000,1.000],

keyboard home row run length
------------------------------------------------------------
1                      495620 26.0  26.0
2                      385476 20.2  46.2
3                      271384 14.2  60.4
4                      197687 10.4  70.8
5                      159575  8.4  79.2
6                      110166  5.8  84.9
7                       80947  4.2  89.2
8                       59062  3.1  92.3
9                       41637  2.2  94.5
10                      29950  1.6  96.0
11                      21283  1.1  97.2
12                      15161  0.8  97.9
13                      11071  0.6  98.5
14                       7823  0.4  98.9
15                       5745  0.3  99.2
16                       4154  0.2  99.5
17                       2846  0.1  99.6
18                       2129  0.1  99.7
19                       1479  0.1  99.8
20                       1030  0.1  99.8
21                        819  0.0  99.9
22                        582  0.0  99.9
23                        398  0.0  99.9
24                        323  0.0 100.0
25                        229  0.0 100.0
26                        159  0.0 100.0
27                        108  0.0 100.0
28                         69  0.0 100.0
29                         53  0.0 100.0
30                         36  0.0 100.0
31                         21  0.0 100.0
32                         17  0.0 100.0
33                         16  0.0 100.0
34                         13  0.0 100.0
35                          7  0.0 100.0
36                          7  0.0 100.0
37                          3  0.0 100.0
38                          3  0.0 100.0
39                          1  0.0 100.0
40                          1  0.0 100.0
41                          2  0.0 100.0
43                          1  0.0 100.0
45                          1  0.0 100.0

#data h_row_run_data=>[qw(1 2 3 4 5 6 7 8 9 10 11 12 13 14 15 16 17 18 19 20 21 22 23 24 25 26 27 28 29 30 31 32 33 34 35 36 37 38 39 40 41 43 45)],
#data h_row_run_frequency=>[0.260,0.202,0.142,0.104,0.084,0.058,0.042,0.031,0.022,0.016,0.011,0.008,0.006,0.004,0.003,0.002,0.001,0.001,0.001,0.001,0.000,0.000,0.000,0.000,0.000,0.000,0.000,0.000,0.000,0.000,0.000,0.000,0.000,0.000,0.000,0.000,0.000,0.000,0.000,0.000,0.000,0.000,0.000],
#data h_row_run_cumulative=>[0.260,0.462,0.604,0.708,0.792,0.849,0.892,0.923,0.945,0.960,0.972,0.979,0.985,0.989,0.992,0.995,0.996,0.997,0.998,0.998,0.999,0.999,0.999,1.000,1.000,1.000,1.000,1.000,1.000,1.000,1.000,1.000,1.000,1.000,1.000,1.000,1.000,1.000,1.000,1.000,1.000,1.000,1.000],

keyboard bottom row run length
------------------------------------------------------------
1                      394418 94.2  94.2
2                       23928  5.7  99.9
3                         464  0.1 100.0
4                          12  0.0 100.0
5                           1  0.0 100.0
9                           4  0.0 100.0

#data b_row_run_data=>[qw(1 2 3 4 5 9)],
#data b_row_run_frequency=>[0.942,0.057,0.001,0.000,0.000,0.000],
#data b_row_run_cumulative=>[0.942,0.999,1.000,1.000,1.000,1.000],

keyboard row run length
------------------------------------------------------------
1                     2084844 53.3  53.3
2                      720001 18.4  71.7
3                      333793  8.5  80.3
4                      210319  5.4  85.7
5                      162587  4.2  89.8
6                      110940  2.8  92.6
7                       81091  2.1  94.7
8                       59090  1.5  96.2
9                       41649  1.1  97.3
10                      29953  0.8  98.1
11                      21286  0.5  98.6
12                      15162  0.4  99.0
13                      11071  0.3  99.3
14                       7824  0.2  99.5
15                       5745  0.1  99.6
16                       4154  0.1  99.7
17                       2846  0.1  99.8
18                       2129  0.1  99.9
19                       1479  0.0  99.9
20                       1030  0.0  99.9
21                        819  0.0  99.9
22                        582  0.0 100.0
23                        398  0.0 100.0
24                        323  0.0 100.0
25                        229  0.0 100.0
26                        159  0.0 100.0
27                        109  0.0 100.0
28                         69  0.0 100.0
29                         53  0.0 100.0
30                         36  0.0 100.0
31                         21  0.0 100.0
32                         17  0.0 100.0
33                         16  0.0 100.0
34                         13  0.0 100.0
35                          7  0.0 100.0
36                          7  0.0 100.0
37                          3  0.0 100.0
38                          3  0.0 100.0
39                          1  0.0 100.0
40                          1  0.0 100.0
41                          2  0.0 100.0
43                          1  0.0 100.0
45                          1  0.0 100.0

#data all_row_run_data=>[qw(1 2 3 4 5 6 7 8 9 10 11 12 13 14 15 16 17 18 19 20 21 22 23 24 25 26 27 28 29 30 31 32 33 34 35 36 37 38 39 40 41 43 45)],
#data all_row_run_frequency=>[0.533,0.184,0.085,0.054,0.042,0.028,0.021,0.015,0.011,0.008,0.005,0.004,0.003,0.002,0.001,0.001,0.001,0.001,0.000,0.000,0.000,0.000,0.000,0.000,0.000,0.000,0.000,0.000,0.000,0.000,0.000,0.000,0.000,0.000,0.000,0.000,0.000,0.000,0.000,0.000,0.000,0.000,0.000],
#data all_row_run_cumulative=>[0.533,0.717,0.803,0.857,0.898,0.926,0.947,0.962,0.973,0.981,0.986,0.990,0.993,0.995,0.996,0.997,0.998,0.999,0.999,0.999,0.999,1.000,1.000,1.000,1.000,1.000,1.000,1.000,1.000,1.000,1.000,1.000,1.000,1.000,1.000,1.000,1.000,1.000,1.000,1.000,1.000,1.000,1.000],

keyboard finger run length
------------------------------------------------------------
1                     7939858 90.8  90.8
2                      766333  8.8  99.6
3                       31894  0.4 100.0
4                        3955  0.0 100.0
5                         264  0.0 100.0
6                          35  0.0 100.0
7                           7  0.0 100.0
8                           3  0.0 100.0
9                           8  0.0 100.0
11                          3  0.0 100.0
12                          2  0.0 100.0
15                          1  0.0 100.0
20                          1  0.0 100.0

#data finger_run_data=>[qw(1 2 3 4 5 6 7 8 9 11 12 15 20)],
#data finger_run_frequency=>[0.908,0.088,0.004,0.000,0.000,0.000,0.000,0.000,0.000,0.000,0.000,0.000,0.000],
#data finger_run_cumulative=>[0.908,0.996,1.000,1.000,1.000,1.000,1.000,1.000,1.000,1.000,1.000,1.000,1.000],

keyboard same-hand row jump length
------------------------------------------------------------
1                     6792760 84.4  84.4
2                      984131 12.2  96.6
3                      227224  2.8  99.5
4                       35137  0.4  99.9
5                        7022  0.1 100.0
6                        1109  0.0 100.0
7                         230  0.0 100.0
8                          35  0.0 100.0
9                           1  0.0 100.0
10                          4  0.0 100.0
14                          1  0.0 100.0

#data row_jump_data=>[qw(1 2 3 4 5 6 7 8 9 10 14)],
#data row_jump_frequency=>[0.844,0.122,0.028,0.004,0.001,0.000,0.000,0.000,0.000,0.000,0.000],
#data row_jump_cumulative=>[0.844,0.966,0.995,0.999,1.000,1.000,1.000,1.000,1.000,1.000,1.000],

corpus character frequency
------------------------------------------------------------
e                     1189270 12.4  12.4
t                      857621  8.9  21.4
a                      772047  8.1  29.4
o                      743158  7.8  37.2
i                      664716  6.9  44.1
n                      659446  6.9  51.0
h                      601534  6.3  57.2
s                      600522  6.3  63.5
r                      551354  5.8  69.3
d                      428936  4.5  73.7
l                      395151  4.1  77.9
u                      278222  2.9  80.8
m                      257890  2.7  83.5
w                      230357  2.4  85.9
c                      228885  2.4  88.2
f                      208786  2.2  90.4
y                      202083  2.1  92.5
g                      192882  2.0  94.5
p                      158583  1.7  96.2
b                      149480  1.6  97.8
v                       91308  1.0  98.7
k                       78419  0.8  99.5
j                       14421  0.2  99.7
x                       14308  0.1  99.8
q                       10285  0.1  99.9
z                        6129  0.1 100.0

#data character_frequency_data=>[qw(e t a o i n h s r d l u m w c f y g p b v k j x q z)],
#data character_frequency_frequency=>[0.124,0.089,0.081,0.078,0.069,0.069,0.063,0.063,0.058,0.045,0.041,0.029,0.027,0.024,0.024,0.022,0.021,0.020,0.017,0.016,0.010,0.008,0.002,0.001,0.001,0.001],
#data character_frequency_cumulative=>[0.124,0.214,0.294,0.372,0.441,0.510,0.572,0.635,0.693,0.737,0.779,0.808,0.835,0.859,0.882,0.904,0.925,0.945,0.962,0.978,0.987,0.995,0.997,0.998,0.999,1.000],

