Keyboard effort
------------------------------------------------------------
k1                      0.948  71.1  71.1
k1,k2                   1.267  23.9  95.0
k1,k2,k3                1.334   5.0 100.0
b                       0.397  18.9  18.9
p                       0.937  44.7 142.3
ph                      0.000   0.0   0.0
pr                      0.171  18.2  18.2
pf                      0.638  68.1  86.4
s                       0.765  36.4 100.0
all                     2.098 100.0 100.0

#data effort_k1=>[0.948,71.102,71.102],
#data effort_k12=>[1.267,23.857,94.959],
#data effort_k123=>[1.334,5.041,100.000],
#data effort_base=>[0.397,18.898,18.898],
#data effort_penalty=>[0.937,44.668,142.307],
#data effort_penalty_hand=>[0.000,0.000,0.000],
#data effort_penalty_row=>[0.171,18.248,18.248],
#data effort_penalty_finger=>[0.638,68.112,86.360],
#data effort_path=>[0.765,36.434,100.000],
#data effort_all=>[2.098,100.000,100.000],

keyboard row frequency
------------------------------------------------------------
1                     1847146 20.2  20.2
2                     6479107 70.8  91.0
3                      824912  9.0 100.0

#data row_data=>[qw(1 2 3)],
#data row_frequency=>[0.202,0.708,0.090],
#data row_cumulative=>[0.202,0.910,1.000],

keyboard hand frequency
------------------------------------------------------------
0                     3943750 43.1  43.1
1                     5207415 56.9 100.0

#data hand_data=>[qw(0 1)],
#data hand_frequency=>[0.431,0.569],
#data hand_cumulative=>[0.431,1.000],

keyboard finger frequency
------------------------------------------------------------
0                      748783  8.2   8.2
1                      722982  7.9  16.1
2                     1129746 12.3  28.4
3                     1342239 14.7  43.1
6                     1756465 19.2  62.3
7                     1271054 13.9  76.2
8                     1233254 13.5  89.7
9                      946642 10.3 100.0

#data finger_data=>[qw(0 1 2 3 6 7 8 9)],
#data finger_frequency=>[0.082,0.079,0.123,0.147,0.192,0.139,0.135,0.103],
#data finger_cumulative=>[0.082,0.161,0.284,0.431,0.623,0.762,0.897,1.000],

keyboard left hand run length
------------------------------------------------------------
1                     2359741 76.1  76.1
2                      553421 17.8  93.9
3                      119724  3.9  97.8
4                       52665  1.7  99.5
5                       12103  0.4  99.9
6                        3234  0.1 100.0
7                         853  0.0 100.0
8                         255  0.0 100.0
9                          77  0.0 100.0
10                         34  0.0 100.0
11                          4  0.0 100.0
12                          1  0.0 100.0
13                          2  0.0 100.0
16                          1  0.0 100.0
17                          1  0.0 100.0
20                          1  0.0 100.0

#data left_hand_run_data=>[qw(1 2 3 4 5 6 7 8 9 10 11 12 13 16 17 20)],
#data left_hand_run_frequency=>[0.761,0.178,0.039,0.017,0.004,0.001,0.000,0.000,0.000,0.000,0.000,0.000,0.000,0.000,0.000,0.000],
#data left_hand_run_cumulative=>[0.761,0.939,0.978,0.995,0.999,1.000,1.000,1.000,1.000,1.000,1.000,1.000,1.000,1.000,1.000,1.000],

keyboard right hand run length
------------------------------------------------------------
1                     1467924 47.3  47.3
2                     1053411 34.0  81.3
3                      454478 14.7  95.9
4                      111133  3.6  99.5
5                       13719  0.4 100.0
6                        1290  0.0 100.0
7                         130  0.0 100.0
8                          13  0.0 100.0
9                           6  0.0 100.0
10                          2  0.0 100.0
12                          2  0.0 100.0
13                          1  0.0 100.0
16                          1  0.0 100.0
17                          1  0.0 100.0
18                          3  0.0 100.0
21                          1  0.0 100.0

#data right_hand_run_data=>[qw(1 2 3 4 5 6 7 8 9 10 12 13 16 17 18 21)],
#data right_hand_run_frequency=>[0.473,0.340,0.147,0.036,0.004,0.000,0.000,0.000,0.000,0.000,0.000,0.000,0.000,0.000,0.000,0.000],
#data right_hand_run_cumulative=>[0.473,0.813,0.959,0.995,1.000,1.000,1.000,1.000,1.000,1.000,1.000,1.000,1.000,1.000,1.000,1.000],

keyboard hand run length
------------------------------------------------------------
1                     3827665 61.7  61.7
2                     1606832 25.9  87.6
3                      574202  9.3  96.8
4                      163798  2.6  99.5
5                       25822  0.4  99.9
6                        4524  0.1 100.0
7                         983  0.0 100.0
8                         268  0.0 100.0
9                          83  0.0 100.0
10                         36  0.0 100.0
11                          4  0.0 100.0
12                          3  0.0 100.0
13                          3  0.0 100.0
16                          2  0.0 100.0
17                          2  0.0 100.0
18                          3  0.0 100.0
20                          1  0.0 100.0
21                          1  0.0 100.0

#data all_hand_run_data=>[qw(1 2 3 4 5 6 7 8 9 10 11 12 13 16 17 18 20 21)],
#data all_hand_run_frequency=>[0.617,0.259,0.093,0.026,0.004,0.001,0.000,0.000,0.000,0.000,0.000,0.000,0.000,0.000,0.000,0.000,0.000,0.000],
#data all_hand_run_cumulative=>[0.617,0.876,0.968,0.995,0.999,1.000,1.000,1.000,1.000,1.000,1.000,1.000,1.000,1.000,1.000,1.000,1.000,1.000],

keyboard top row run length
------------------------------------------------------------
1                     1244587 79.5  79.5
2                      274472 17.5  97.1
3                       40299  2.6  99.6
4                        5177  0.3 100.0
5                         502  0.0 100.0
6                           7  0.0 100.0
7                           3  0.0 100.0
15                          1  0.0 100.0

#data t_row_run_data=>[qw(1 2 3 4 5 6 7 15)],
#data t_row_run_frequency=>[0.795,0.175,0.026,0.003,0.000,0.000,0.000,0.000],
#data t_row_run_cumulative=>[0.795,0.971,0.996,1.000,1.000,1.000,1.000,1.000],

keyboard home row run length
------------------------------------------------------------
1                      699446 32.6  32.6
2                      449618 21.0  53.6
3                      291943 13.6  67.2
4                      218129 10.2  77.3
5                      156408  7.3  84.6
6                      104973  4.9  89.5
7                       73097  3.4  92.9
8                       50220  2.3  95.3
9                       33594  1.6  96.8
10                      22855  1.1  97.9
11                      15112  0.7  98.6
12                       9971  0.5  99.1
13                       6602  0.3  99.4
14                       4550  0.2  99.6
15                       3002  0.1  99.7
16                       2026  0.1  99.8
17                       1373  0.1  99.9
18                        900  0.0  99.9
19                        589  0.0  99.9
20                        401  0.0 100.0
21                        312  0.0 100.0
22                        191  0.0 100.0
23                        123  0.0 100.0
24                         99  0.0 100.0
25                         68  0.0 100.0
26                         31  0.0 100.0
27                         28  0.0 100.0
28                         17  0.0 100.0
29                          9  0.0 100.0
30                          5  0.0 100.0
31                          2  0.0 100.0
32                          4  0.0 100.0
33                          3  0.0 100.0
34                          2  0.0 100.0
36                          1  0.0 100.0
37                          1  0.0 100.0
40                          1  0.0 100.0
46                          1  0.0 100.0

#data h_row_run_data=>[qw(1 2 3 4 5 6 7 8 9 10 11 12 13 14 15 16 17 18 19 20 21 22 23 24 25 26 27 28 29 30 31 32 33 34 36 37 40 46)],
#data h_row_run_frequency=>[0.326,0.210,0.136,0.102,0.073,0.049,0.034,0.023,0.016,0.011,0.007,0.005,0.003,0.002,0.001,0.001,0.001,0.000,0.000,0.000,0.000,0.000,0.000,0.000,0.000,0.000,0.000,0.000,0.000,0.000,0.000,0.000,0.000,0.000,0.000,0.000,0.000,0.000],
#data h_row_run_cumulative=>[0.326,0.536,0.672,0.773,0.846,0.895,0.929,0.953,0.968,0.979,0.986,0.991,0.994,0.996,0.997,0.998,0.999,0.999,0.999,1.000,1.000,1.000,1.000,1.000,1.000,1.000,1.000,1.000,1.000,1.000,1.000,1.000,1.000,1.000,1.000,1.000,1.000,1.000],

keyboard bottom row run length
------------------------------------------------------------
1                      788103 96.1  96.1
2                       31815  3.9 100.0
3                         258  0.0 100.0
4                          11  0.0 100.0
5                           2  0.0 100.0
9                           4  0.0 100.0

#data b_row_run_data=>[qw(1 2 3 4 5 9)],
#data b_row_run_frequency=>[0.961,0.039,0.000,0.000,0.000,0.000],
#data b_row_run_cumulative=>[0.961,1.000,1.000,1.000,1.000,1.000],

keyboard row run length
------------------------------------------------------------
1                     2732136 60.3  60.3
2                      755905 16.7  77.0
3                      332500  7.3  84.3
4                      223317  4.9  89.2
5                      156912  3.5  92.7
6                      104980  2.3  95.0
7                       73100  1.6  96.6
8                       50220  1.1  97.8
9                       33598  0.7  98.5
10                      22855  0.5  99.0
11                      15112  0.3  99.3
12                       9971  0.2  99.6
13                       6602  0.1  99.7
14                       4550  0.1  99.8
15                       3003  0.1  99.9
16                       2026  0.0  99.9
17                       1373  0.0  99.9
18                        900  0.0 100.0
19                        589  0.0 100.0
20                        401  0.0 100.0
21                        312  0.0 100.0
22                        191  0.0 100.0
23                        123  0.0 100.0
24                         99  0.0 100.0
25                         68  0.0 100.0
26                         31  0.0 100.0
27                         28  0.0 100.0
28                         17  0.0 100.0
29                          9  0.0 100.0
30                          5  0.0 100.0
31                          2  0.0 100.0
32                          4  0.0 100.0
33                          3  0.0 100.0
34                          2  0.0 100.0
36                          1  0.0 100.0
37                          1  0.0 100.0
40                          1  0.0 100.0
46                          1  0.0 100.0

#data all_row_run_data=>[qw(1 2 3 4 5 6 7 8 9 10 11 12 13 14 15 16 17 18 19 20 21 22 23 24 25 26 27 28 29 30 31 32 33 34 36 37 40 46)],
#data all_row_run_frequency=>[0.603,0.167,0.073,0.049,0.035,0.023,0.016,0.011,0.007,0.005,0.003,0.002,0.001,0.001,0.001,0.000,0.000,0.000,0.000,0.000,0.000,0.000,0.000,0.000,0.000,0.000,0.000,0.000,0.000,0.000,0.000,0.000,0.000,0.000,0.000,0.000,0.000,0.000],
#data all_row_run_cumulative=>[0.603,0.770,0.843,0.892,0.927,0.950,0.966,0.978,0.985,0.990,0.993,0.996,0.997,0.998,0.999,0.999,0.999,1.000,1.000,1.000,1.000,1.000,1.000,1.000,1.000,1.000,1.000,1.000,1.000,1.000,1.000,1.000,1.000,1.000,1.000,1.000,1.000,1.000],

keyboard finger run length
------------------------------------------------------------
1                     8231883 92.5  92.5
2                      643855  7.2  99.8
3                       20567  0.2 100.0
4                         936  0.0 100.0
5                          88  0.0 100.0
6                          22  0.0 100.0
7                           4  0.0 100.0
8                           4  0.0 100.0
9                           2  0.0 100.0
10                          4  0.0 100.0
11                          3  0.0 100.0
12                          1  0.0 100.0
20                          1  0.0 100.0

#data finger_run_data=>[qw(1 2 3 4 5 6 7 8 9 10 11 12 20)],
#data finger_run_frequency=>[0.925,0.072,0.002,0.000,0.000,0.000,0.000,0.000,0.000,0.000,0.000,0.000,0.000],
#data finger_run_cumulative=>[0.925,0.998,1.000,1.000,1.000,1.000,1.000,1.000,1.000,1.000,1.000,1.000,1.000],

keyboard same-hand row jump length
------------------------------------------------------------
1                     6796183 84.4  84.4
2                      926026 11.5  95.9
3                      281143  3.5  99.4
4                       37789  0.5  99.8
5                       11530  0.1 100.0
6                        2058  0.0 100.0
7                         565  0.0 100.0
8                         191  0.0 100.0
9                          59  0.0 100.0
10                         15  0.0 100.0
11                          2  0.0 100.0
12                          1  0.0 100.0
13                          1  0.0 100.0
14                          1  0.0 100.0
17                          1  0.0 100.0

#data row_jump_data=>[qw(1 2 3 4 5 6 7 8 9 10 11 12 13 14 17)],
#data row_jump_frequency=>[0.844,0.115,0.035,0.005,0.001,0.000,0.000,0.000,0.000,0.000,0.000,0.000,0.000,0.000,0.000],
#data row_jump_cumulative=>[0.844,0.959,0.994,0.998,1.000,1.000,1.000,1.000,1.000,1.000,1.000,1.000,1.000,1.000,1.000],

corpus character frequency
------------------------------------------------------------
e                     1189270 12.4  12.4
t                      857621  8.9  21.4
a                      772047  8.1  29.4
o                      743158  7.8  37.2
i                      664716  6.9  44.1
n                      659446  6.9  51.0
h                      601534  6.3  57.2
s                      600522  6.3  63.5
r                      551354  5.8  69.3
d                      428936  4.5  73.7
l                      395151  4.1  77.9
u                      278222  2.9  80.8
m                      257890  2.7  83.5
w                      230357  2.4  85.9
c                      228885  2.4  88.2
f                      208786  2.2  90.4
y                      202083  2.1  92.5
g                      192882  2.0  94.5
p                      158583  1.7  96.2
b                      149480  1.6  97.8
v                       91308  1.0  98.7
k                       78419  0.8  99.5
j                       14421  0.2  99.7
x                       14308  0.1  99.8
q                       10285  0.1  99.9
z                        6129  0.1 100.0

#data character_frequency_data=>[qw(e t a o i n h s r d l u m w c f y g p b v k j x q z)],
#data character_frequency_frequency=>[0.124,0.089,0.081,0.078,0.069,0.069,0.063,0.063,0.058,0.045,0.041,0.029,0.027,0.024,0.024,0.022,0.021,0.020,0.017,0.016,0.010,0.008,0.002,0.001,0.001,0.001],
#data character_frequency_cumulative=>[0.124,0.214,0.294,0.372,0.441,0.510,0.572,0.635,0.693,0.737,0.779,0.808,0.835,0.859,0.882,0.904,0.925,0.945,0.962,0.978,0.987,0.995,0.997,0.998,0.999,1.000],

