Keyboard effort
------------------------------------------------------------
k1                      0.749  79.1  79.1
k1,k2                   0.923  18.4  97.5
k1,k2,k3                0.946   2.5 100.0
b                       0.357  20.8  20.8
p                       0.589  34.4 160.6
ph                      0.000   0.0   0.0
pr                      0.155  26.2  26.2
pf                      0.380  64.4  90.6
s                       0.768  44.8 100.0
all                     1.714 100.0 100.0

#data effort_k1=>[0.749,79.087,79.087],
#data effort_k12=>[0.923,18.428,97.515],
#data effort_k123=>[0.946,2.485,100.000],
#data effort_base=>[0.357,20.827,20.827],
#data effort_penalty=>[0.589,34.382,160.576],
#data effort_penalty_hand=>[0.000,0.000,0.000],
#data effort_penalty_row=>[0.155,26.218,26.218],
#data effort_penalty_finger=>[0.380,64.418,90.637],
#data effort_path=>[0.768,44.791,100.000],
#data effort_all=>[1.714,100.000,100.000],

keyboard row frequency
------------------------------------------------------------
1                     1668371 18.2  18.2
2                     6734080 73.6  91.8
3                      748714  8.2 100.0

#data row_data=>[qw(1 2 3)],
#data row_frequency=>[0.182,0.736,0.082],
#data row_cumulative=>[0.182,0.918,1.000],

keyboard hand frequency
------------------------------------------------------------
0                     4426028 48.4  48.4
1                     4725137 51.6 100.0

#data hand_data=>[qw(0 1)],
#data hand_frequency=>[0.484,0.516],
#data hand_cumulative=>[0.484,1.000],

keyboard finger frequency
------------------------------------------------------------
0                      543799  5.9   5.9
1                      803239  8.8  14.7
2                     1156968 12.6  27.4
3                     1922022 21.0  48.4
6                     2119220 23.2  71.5
7                     1384856 15.1  86.7
8                      820766  9.0  95.6
9                      400295  4.4 100.0

#data finger_data=>[qw(0 1 2 3 6 7 8 9)],
#data finger_frequency=>[0.059,0.088,0.126,0.210,0.232,0.151,0.090,0.044],
#data finger_cumulative=>[0.059,0.147,0.274,0.484,0.715,0.867,0.956,1.000],

keyboard left hand run length
------------------------------------------------------------
1                     1480087 56.1  56.1
2                      693219 26.3  82.4
3                      262173  9.9  92.4
4                      118691  4.5  96.9
5                       48709  1.8  98.7
6                       19825  0.8  99.4
7                        8206  0.3  99.8
8                        3495  0.1  99.9
9                        1577  0.1 100.0
10                        698  0.0 100.0
11                        274  0.0 100.0
12                        149  0.0 100.0
13                         54  0.0 100.0
14                         28  0.0 100.0
15                         14  0.0 100.0
16                          6  0.0 100.0
17                          8  0.0 100.0
18                          4  0.0 100.0
19                          1  0.0 100.0
21                          2  0.0 100.0
22                          2  0.0 100.0
23                          1  0.0 100.0
26                          1  0.0 100.0

#data left_hand_run_data=>[qw(1 2 3 4 5 6 7 8 9 10 11 12 13 14 15 16 17 18 19 21 22 23 26)],
#data left_hand_run_frequency=>[0.561,0.263,0.099,0.045,0.018,0.008,0.003,0.001,0.001,0.000,0.000,0.000,0.000,0.000,0.000,0.000,0.000,0.000,0.000,0.000,0.000,0.000,0.000],
#data left_hand_run_cumulative=>[0.561,0.824,0.924,0.969,0.987,0.994,0.998,0.999,1.000,1.000,1.000,1.000,1.000,1.000,1.000,1.000,1.000,1.000,1.000,1.000,1.000,1.000,1.000],

keyboard right hand run length
------------------------------------------------------------
1                     1242941 47.1  47.1
2                      815877 30.9  78.1
3                      362771 13.8  91.8
4                      124172  4.7  96.5
5                       52890  2.0  98.5
6                       22275  0.8  99.4
7                        9742  0.4  99.8
8                        4247  0.2  99.9
9                        1391  0.1 100.0
10                        536  0.0 100.0
11                        224  0.0 100.0
12                         88  0.0 100.0
13                         40  0.0 100.0
14                         13  0.0 100.0
15                          5  0.0 100.0
16                          8  0.0 100.0
17                          2  0.0 100.0
22                          1  0.0 100.0
25                          1  0.0 100.0

#data right_hand_run_data=>[qw(1 2 3 4 5 6 7 8 9 10 11 12 13 14 15 16 17 22 25)],
#data right_hand_run_frequency=>[0.471,0.309,0.138,0.047,0.020,0.008,0.004,0.002,0.001,0.000,0.000,0.000,0.000,0.000,0.000,0.000,0.000,0.000,0.000],
#data right_hand_run_cumulative=>[0.471,0.781,0.918,0.965,0.985,0.994,0.998,0.999,1.000,1.000,1.000,1.000,1.000,1.000,1.000,1.000,1.000,1.000,1.000],

keyboard hand run length
------------------------------------------------------------
1                     2723028 51.6  51.6
2                     1509096 28.6  80.2
3                      624944 11.8  92.1
4                      242863  4.6  96.7
5                      101599  1.9  98.6
6                       42100  0.8  99.4
7                       17948  0.3  99.8
8                        7742  0.1  99.9
9                        2968  0.1 100.0
10                       1234  0.0 100.0
11                        498  0.0 100.0
12                        237  0.0 100.0
13                         94  0.0 100.0
14                         41  0.0 100.0
15                         19  0.0 100.0
16                         14  0.0 100.0
17                         10  0.0 100.0
18                          4  0.0 100.0
19                          1  0.0 100.0
21                          2  0.0 100.0
22                          3  0.0 100.0
23                          1  0.0 100.0
25                          1  0.0 100.0
26                          1  0.0 100.0

#data all_hand_run_data=>[qw(1 2 3 4 5 6 7 8 9 10 11 12 13 14 15 16 17 18 19 21 22 23 25 26)],
#data all_hand_run_frequency=>[0.516,0.286,0.118,0.046,0.019,0.008,0.003,0.001,0.001,0.000,0.000,0.000,0.000,0.000,0.000,0.000,0.000,0.000,0.000,0.000,0.000,0.000,0.000,0.000],
#data all_hand_run_cumulative=>[0.516,0.802,0.921,0.967,0.986,0.994,0.998,0.999,1.000,1.000,1.000,1.000,1.000,1.000,1.000,1.000,1.000,1.000,1.000,1.000,1.000,1.000,1.000,1.000],

keyboard top row run length
------------------------------------------------------------
1                      994207 75.0  75.0
2                      263703 19.9  94.9
3                       52959  4.0  98.9
4                       10839  0.8  99.7
5                        2860  0.2  99.9
6                         612  0.0 100.0
7                         123  0.0 100.0
8                          21  0.0 100.0
9                           9  0.0 100.0
10                          3  0.0 100.0
12                          3  0.0 100.0
14                          1  0.0 100.0
27                          1  0.0 100.0

#data t_row_run_data=>[qw(1 2 3 4 5 6 7 8 9 10 12 14 27)],
#data t_row_run_frequency=>[0.750,0.199,0.040,0.008,0.002,0.000,0.000,0.000,0.000,0.000,0.000,0.000,0.000],
#data t_row_run_cumulative=>[0.750,0.949,0.989,0.997,0.999,1.000,1.000,1.000,1.000,1.000,1.000,1.000,1.000],

keyboard home row run length
------------------------------------------------------------
1                      495620 26.0  26.0
2                      385476 20.2  46.2
3                      271384 14.2  60.4
4                      197687 10.4  70.8
5                      159575  8.4  79.2
6                      110166  5.8  84.9
7                       80947  4.2  89.2
8                       59062  3.1  92.3
9                       41637  2.2  94.5
10                      29950  1.6  96.0
11                      21283  1.1  97.2
12                      15161  0.8  97.9
13                      11071  0.6  98.5
14                       7823  0.4  98.9
15                       5745  0.3  99.2
16                       4154  0.2  99.5
17                       2846  0.1  99.6
18                       2129  0.1  99.7
19                       1479  0.1  99.8
20                       1030  0.1  99.8
21                        819  0.0  99.9
22                        582  0.0  99.9
23                        398  0.0  99.9
24                        323  0.0 100.0
25                        229  0.0 100.0
26                        159  0.0 100.0
27                        108  0.0 100.0
28                         69  0.0 100.0
29                         53  0.0 100.0
30                         36  0.0 100.0
31                         21  0.0 100.0
32                         17  0.0 100.0
33                         16  0.0 100.0
34                         13  0.0 100.0
35                          7  0.0 100.0
36                          7  0.0 100.0
37                          3  0.0 100.0
38                          3  0.0 100.0
39                          1  0.0 100.0
40                          1  0.0 100.0
41                          2  0.0 100.0
43                          1  0.0 100.0
45                          1  0.0 100.0

#data h_row_run_data=>[qw(1 2 3 4 5 6 7 8 9 10 11 12 13 14 15 16 17 18 19 20 21 22 23 24 25 26 27 28 29 30 31 32 33 34 35 36 37 38 39 40 41 43 45)],
#data h_row_run_frequency=>[0.260,0.202,0.142,0.104,0.084,0.058,0.042,0.031,0.022,0.016,0.011,0.008,0.006,0.004,0.003,0.002,0.001,0.001,0.001,0.001,0.000,0.000,0.000,0.000,0.000,0.000,0.000,0.000,0.000,0.000,0.000,0.000,0.000,0.000,0.000,0.000,0.000,0.000,0.000,0.000,0.000,0.000,0.000],
#data h_row_run_cumulative=>[0.260,0.462,0.604,0.708,0.792,0.849,0.892,0.923,0.945,0.960,0.972,0.979,0.985,0.989,0.992,0.995,0.996,0.997,0.998,0.998,0.999,0.999,0.999,1.000,1.000,1.000,1.000,1.000,1.000,1.000,1.000,1.000,1.000,1.000,1.000,1.000,1.000,1.000,1.000,1.000,1.000,1.000,1.000],

keyboard bottom row run length
------------------------------------------------------------
1                      728020 96.9  96.9
2                       22909  3.1 100.0
3                          57  0.0 100.0
4                          26  0.0 100.0
5                           1  0.0 100.0
9                           4  0.0 100.0

#data b_row_run_data=>[qw(1 2 3 4 5 9)],
#data b_row_run_frequency=>[0.969,0.031,0.000,0.000,0.000,0.000],
#data b_row_run_cumulative=>[0.969,1.000,1.000,1.000,1.000,1.000],

keyboard row run length
------------------------------------------------------------
1                     2217847 55.7  55.7
2                      672088 16.9  72.5
3                      324400  8.1  80.7
4                      208552  5.2  85.9
5                      162436  4.1  90.0
6                      110778  2.8  92.8
7                       81070  2.0  94.8
8                       59083  1.5  96.3
9                       41650  1.0  97.4
10                      29953  0.8  98.1
11                      21283  0.5  98.6
12                      15164  0.4  99.0
13                      11071  0.3  99.3
14                       7824  0.2  99.5
15                       5745  0.1  99.6
16                       4154  0.1  99.7
17                       2846  0.1  99.8
18                       2129  0.1  99.9
19                       1479  0.0  99.9
20                       1030  0.0  99.9
21                        819  0.0  99.9
22                        582  0.0 100.0
23                        398  0.0 100.0
24                        323  0.0 100.0
25                        229  0.0 100.0
26                        159  0.0 100.0
27                        109  0.0 100.0
28                         69  0.0 100.0
29                         53  0.0 100.0
30                         36  0.0 100.0
31                         21  0.0 100.0
32                         17  0.0 100.0
33                         16  0.0 100.0
34                         13  0.0 100.0
35                          7  0.0 100.0
36                          7  0.0 100.0
37                          3  0.0 100.0
38                          3  0.0 100.0
39                          1  0.0 100.0
40                          1  0.0 100.0
41                          2  0.0 100.0
43                          1  0.0 100.0
45                          1  0.0 100.0

#data all_row_run_data=>[qw(1 2 3 4 5 6 7 8 9 10 11 12 13 14 15 16 17 18 19 20 21 22 23 24 25 26 27 28 29 30 31 32 33 34 35 36 37 38 39 40 41 43 45)],
#data all_row_run_frequency=>[0.557,0.169,0.081,0.052,0.041,0.028,0.020,0.015,0.010,0.008,0.005,0.004,0.003,0.002,0.001,0.001,0.001,0.001,0.000,0.000,0.000,0.000,0.000,0.000,0.000,0.000,0.000,0.000,0.000,0.000,0.000,0.000,0.000,0.000,0.000,0.000,0.000,0.000,0.000,0.000,0.000,0.000,0.000],
#data all_row_run_cumulative=>[0.557,0.725,0.807,0.859,0.900,0.928,0.948,0.963,0.974,0.981,0.986,0.990,0.993,0.995,0.996,0.997,0.998,0.999,0.999,0.999,0.999,1.000,1.000,1.000,1.000,1.000,1.000,1.000,1.000,1.000,1.000,1.000,1.000,1.000,1.000,1.000,1.000,1.000,1.000,1.000,1.000,1.000,1.000],

keyboard finger run length
------------------------------------------------------------
1                     7744425 89.9  89.9
2                      776988  9.0  98.9
3                       83898  1.0  99.9
4                        7739  0.1 100.0
5                         731  0.0 100.0
6                          80  0.0 100.0
7                          38  0.0 100.0
8                          17  0.0 100.0
9                           8  0.0 100.0
10                          1  0.0 100.0
11                          3  0.0 100.0
12                          3  0.0 100.0
13                          1  0.0 100.0
20                          1  0.0 100.0
21                          1  0.0 100.0

#data finger_run_data=>[qw(1 2 3 4 5 6 7 8 9 10 11 12 13 20 21)],
#data finger_run_frequency=>[0.899,0.090,0.010,0.001,0.000,0.000,0.000,0.000,0.000,0.000,0.000,0.000,0.000,0.000,0.000],
#data finger_run_cumulative=>[0.899,0.989,0.999,1.000,1.000,1.000,1.000,1.000,1.000,1.000,1.000,1.000,1.000,1.000,1.000],

keyboard same-hand row jump length
------------------------------------------------------------
1                     6191878 80.6  80.6
2                     1114143 14.5  95.1
3                      296537  3.9  99.0
4                       57613  0.7  99.7
5                       17215  0.2  99.9
6                        3486  0.0 100.0
7                         871  0.0 100.0
8                         407  0.0 100.0
9                         165  0.0 100.0
10                         35  0.0 100.0
11                         11  0.0 100.0
12                          4  0.0 100.0
13                          3  0.0 100.0
14                          2  0.0 100.0
17                          1  0.0 100.0
18                          1  0.0 100.0
23                          1  0.0 100.0
29                          1  0.0 100.0

#data row_jump_data=>[qw(1 2 3 4 5 6 7 8 9 10 11 12 13 14 17 18 23 29)],
#data row_jump_frequency=>[0.806,0.145,0.039,0.007,0.002,0.000,0.000,0.000,0.000,0.000,0.000,0.000,0.000,0.000,0.000,0.000,0.000,0.000],
#data row_jump_cumulative=>[0.806,0.951,0.990,0.997,0.999,1.000,1.000,1.000,1.000,1.000,1.000,1.000,1.000,1.000,1.000,1.000,1.000,1.000],

corpus character frequency
------------------------------------------------------------
e                     1189270 12.4  12.4
t                      857621  8.9  21.4
a                      772047  8.1  29.4
o                      743158  7.8  37.2
i                      664716  6.9  44.1
n                      659446  6.9  51.0
h                      601534  6.3  57.2
s                      600522  6.3  63.5
r                      551354  5.8  69.3
d                      428936  4.5  73.7
l                      395151  4.1  77.9
u                      278222  2.9  80.8
m                      257890  2.7  83.5
w                      230357  2.4  85.9
c                      228885  2.4  88.2
f                      208786  2.2  90.4
y                      202083  2.1  92.5
g                      192882  2.0  94.5
p                      158583  1.7  96.2
b                      149480  1.6  97.8
v                       91308  1.0  98.7
k                       78419  0.8  99.5
j                       14421  0.2  99.7
x                       14308  0.1  99.8
q                       10285  0.1  99.9
z                        6129  0.1 100.0

#data character_frequency_data=>[qw(e t a o i n h s r d l u m w c f y g p b v k j x q z)],
#data character_frequency_frequency=>[0.124,0.089,0.081,0.078,0.069,0.069,0.063,0.063,0.058,0.045,0.041,0.029,0.027,0.024,0.024,0.022,0.021,0.020,0.017,0.016,0.010,0.008,0.002,0.001,0.001,0.001],
#data character_frequency_cumulative=>[0.124,0.214,0.294,0.372,0.441,0.510,0.572,0.635,0.693,0.737,0.779,0.808,0.835,0.859,0.882,0.904,0.925,0.945,0.962,0.978,0.987,0.995,0.997,0.998,0.999,1.000],

