Keyboard effort
------------------------------------------------------------
k1                      1.107  65.6  65.6
k1,k2                   1.565  27.1  92.8
k1,k2,k3                1.686   7.2 100.0
b                       0.779  30.0  30.0
p                       0.907  34.9 185.8
ph                      0.000   0.0   0.0
pr                      0.339  37.4  37.4
pf                      0.408  45.0  82.4
s                       0.910  35.1 100.0
all                     2.597 100.0 100.0

#data effort_k1=>[1.107,65.637,65.637],
#data effort_k12=>[1.565,27.142,92.778],
#data effort_k123=>[1.686,7.222,100.000],
#data effort_base=>[0.779,29.995,29.995],
#data effort_penalty=>[0.907,34.945,185.833],
#data effort_penalty_hand=>[0.000,0.000,0.000],
#data effort_penalty_row=>[0.339,37.355,37.355],
#data effort_penalty_finger=>[0.408,45.000,82.355],
#data effort_path=>[0.910,35.060,100.000],
#data effort_all=>[2.597,100.000,100.000],

keyboard row frequency
------------------------------------------------------------
1                     3625088 39.6  39.6
2                     4183287 45.7  85.3
3                     1342790 14.7 100.0

#data row_data=>[qw(1 2 3)],
#data row_frequency=>[0.396,0.457,0.147],
#data row_cumulative=>[0.396,0.853,1.000],

keyboard hand frequency
------------------------------------------------------------
0                     4233317 46.3  46.3
1                     4917848 53.7 100.0

#data hand_data=>[qw(0 1)],
#data hand_frequency=>[0.463,0.537],
#data hand_cumulative=>[0.463,1.000],

keyboard finger frequency
------------------------------------------------------------
0                      764404  8.4   8.4
1                      805304  8.8  17.2
2                      696590  7.6  24.8
3                     1967019 21.5  46.3
6                     1915521 20.9  67.2
7                     1758726 19.2  86.4
8                     1087727 11.9  98.3
9                      155874  1.7 100.0

#data finger_data=>[qw(0 1 2 3 6 7 8 9)],
#data finger_frequency=>[0.084,0.088,0.076,0.215,0.209,0.192,0.119,0.017],
#data finger_cumulative=>[0.084,0.172,0.248,0.463,0.672,0.864,0.983,1.000],

keyboard left hand run length
------------------------------------------------------------
1                     1501826 56.6  56.6
2                      764118 28.8  85.3
3                      245939  9.3  94.6
4                       92063  3.5  98.1
5                       32504  1.2  99.3
6                       11993  0.5  99.7
7                        4123  0.2  99.9
8                        1524  0.1 100.0
9                         632  0.0 100.0
10                        227  0.0 100.0
11                         93  0.0 100.0
12                         21  0.0 100.0
13                         17  0.0 100.0
14                          4  0.0 100.0
15                          3  0.0 100.0
16                          3  0.0 100.0
17                          1  0.0 100.0
18                          1  0.0 100.0
19                          1  0.0 100.0

#data left_hand_run_data=>[qw(1 2 3 4 5 6 7 8 9 10 11 12 13 14 15 16 17 18 19)],
#data left_hand_run_frequency=>[0.566,0.288,0.093,0.035,0.012,0.005,0.002,0.001,0.000,0.000,0.000,0.000,0.000,0.000,0.000,0.000,0.000,0.000,0.000],
#data left_hand_run_cumulative=>[0.566,0.853,0.946,0.981,0.993,0.997,0.999,1.000,1.000,1.000,1.000,1.000,1.000,1.000,1.000,1.000,1.000,1.000,1.000],

keyboard right hand run length
------------------------------------------------------------
1                     1270168 47.8  47.8
2                      736994 27.8  75.6
3                      371577 14.0  89.6
4                      158966  6.0  95.6
5                       69972  2.6  98.2
6                       27588  1.0  99.3
7                       11169  0.4  99.7
8                        4961  0.2  99.9
9                        2021  0.1  99.9
10                        923  0.0 100.0
11                        388  0.0 100.0
12                        194  0.0 100.0
13                         78  0.0 100.0
14                         48  0.0 100.0
15                         22  0.0 100.0
16                         11  0.0 100.0
17                          5  0.0 100.0
18                          2  0.0 100.0
19                          1  0.0 100.0
20                          1  0.0 100.0
21                          1  0.0 100.0
22                          1  0.0 100.0
24                          1  0.0 100.0
30                          1  0.0 100.0

#data right_hand_run_data=>[qw(1 2 3 4 5 6 7 8 9 10 11 12 13 14 15 16 17 18 19 20 21 22 24 30)],
#data right_hand_run_frequency=>[0.478,0.278,0.140,0.060,0.026,0.010,0.004,0.002,0.001,0.000,0.000,0.000,0.000,0.000,0.000,0.000,0.000,0.000,0.000,0.000,0.000,0.000,0.000,0.000],
#data right_hand_run_cumulative=>[0.478,0.756,0.896,0.956,0.982,0.993,0.997,0.999,0.999,1.000,1.000,1.000,1.000,1.000,1.000,1.000,1.000,1.000,1.000,1.000,1.000,1.000,1.000,1.000],

keyboard hand run length
------------------------------------------------------------
1                     2771994 52.2  52.2
2                     1501112 28.3  80.5
3                      617516 11.6  92.1
4                      251029  4.7  96.8
5                      102476  1.9  98.8
6                       39581  0.7  99.5
7                       15292  0.3  99.8
8                        6485  0.1  99.9
9                        2653  0.0 100.0
10                       1150  0.0 100.0
11                        481  0.0 100.0
12                        215  0.0 100.0
13                         95  0.0 100.0
14                         52  0.0 100.0
15                         25  0.0 100.0
16                         14  0.0 100.0
17                          6  0.0 100.0
18                          3  0.0 100.0
19                          2  0.0 100.0
20                          1  0.0 100.0
21                          1  0.0 100.0
22                          1  0.0 100.0
24                          1  0.0 100.0
30                          1  0.0 100.0

#data all_hand_run_data=>[qw(1 2 3 4 5 6 7 8 9 10 11 12 13 14 15 16 17 18 19 20 21 22 24 30)],
#data all_hand_run_frequency=>[0.522,0.283,0.116,0.047,0.019,0.007,0.003,0.001,0.000,0.000,0.000,0.000,0.000,0.000,0.000,0.000,0.000,0.000,0.000,0.000,0.000,0.000,0.000,0.000],
#data all_hand_run_cumulative=>[0.522,0.805,0.921,0.968,0.988,0.995,0.998,0.999,1.000,1.000,1.000,1.000,1.000,1.000,1.000,1.000,1.000,1.000,1.000,1.000,1.000,1.000,1.000,1.000],

keyboard top row run length
------------------------------------------------------------
1                     1394028 60.9  60.9
2                      521186 22.8  83.6
3                      242116 10.6  94.2
4                       84817  3.7  97.9
5                       30008  1.3  99.2
6                       11836  0.5  99.7
7                        4209  0.2  99.9
8                        1549  0.1 100.0
9                         612  0.0 100.0
10                        242  0.0 100.0
11                         94  0.0 100.0
12                         42  0.0 100.0
13                         16  0.0 100.0
14                          8  0.0 100.0
15                          1  0.0 100.0
16                          2  0.0 100.0
17                          1  0.0 100.0
21                          1  0.0 100.0

#data t_row_run_data=>[qw(1 2 3 4 5 6 7 8 9 10 11 12 13 14 15 16 17 21)],
#data t_row_run_frequency=>[0.609,0.228,0.106,0.037,0.013,0.005,0.002,0.001,0.000,0.000,0.000,0.000,0.000,0.000,0.000,0.000,0.000,0.000],
#data t_row_run_cumulative=>[0.609,0.836,0.942,0.979,0.992,0.997,0.999,1.000,1.000,1.000,1.000,1.000,1.000,1.000,1.000,1.000,1.000,1.000],

keyboard home row run length
------------------------------------------------------------
1                     1209355 50.2  50.2
2                      741584 30.8  80.9
3                      266494 11.1  92.0
4                      112003  4.6  96.6
5                       46283  1.9  98.6
6                       20374  0.8  99.4
7                        8378  0.3  99.8
8                        3374  0.1  99.9
9                        1448  0.1 100.0
10                        619  0.0 100.0
11                        246  0.0 100.0
12                         99  0.0 100.0
13                         39  0.0 100.0
14                         22  0.0 100.0
15                         10  0.0 100.0
16                          3  0.0 100.0
17                          5  0.0 100.0
22                          1  0.0 100.0

#data h_row_run_data=>[qw(1 2 3 4 5 6 7 8 9 10 11 12 13 14 15 16 17 22)],
#data h_row_run_frequency=>[0.502,0.308,0.111,0.046,0.019,0.008,0.003,0.001,0.001,0.000,0.000,0.000,0.000,0.000,0.000,0.000,0.000,0.000],
#data h_row_run_cumulative=>[0.502,0.809,0.920,0.966,0.986,0.994,0.998,0.999,1.000,1.000,1.000,1.000,1.000,1.000,1.000,1.000,1.000,1.000],

keyboard bottom row run length
------------------------------------------------------------
1                     1244566 93.9  93.9
2                       80811  6.1 100.0
3                         369  0.0 100.0
4                          25  0.0 100.0
5                           2  0.0 100.0
10                          4  0.0 100.0

#data b_row_run_data=>[qw(1 2 3 4 5 10)],
#data b_row_run_frequency=>[0.939,0.061,0.000,0.000,0.000,0.000],
#data b_row_run_cumulative=>[0.939,1.000,1.000,1.000,1.000,1.000],

keyboard row run length
------------------------------------------------------------
1                     3847949 63.8  63.8
2                     1343581 22.3  86.1
3                      508979  8.4  94.6
4                      196845  3.3  97.9
5                       76293  1.3  99.1
6                       32210  0.5  99.7
7                       12587  0.2  99.9
8                        4923  0.1  99.9
9                        2060  0.0 100.0
10                        865  0.0 100.0
11                        340  0.0 100.0
12                        141  0.0 100.0
13                         55  0.0 100.0
14                         30  0.0 100.0
15                         11  0.0 100.0
16                          5  0.0 100.0
17                          6  0.0 100.0
21                          1  0.0 100.0
22                          1  0.0 100.0

#data all_row_run_data=>[qw(1 2 3 4 5 6 7 8 9 10 11 12 13 14 15 16 17 21 22)],
#data all_row_run_frequency=>[0.638,0.223,0.084,0.033,0.013,0.005,0.002,0.001,0.000,0.000,0.000,0.000,0.000,0.000,0.000,0.000,0.000,0.000,0.000],
#data all_row_run_cumulative=>[0.638,0.861,0.946,0.979,0.991,0.997,0.999,0.999,1.000,1.000,1.000,1.000,1.000,1.000,1.000,1.000,1.000,1.000,1.000],

keyboard finger run length
------------------------------------------------------------
1                     7892065 90.6  90.6
2                      756296  8.7  99.3
3                       53438  0.6  99.9
4                        4669  0.1 100.0
5                         346  0.0 100.0
6                          31  0.0 100.0
7                           8  0.0 100.0
8                           4  0.0 100.0
9                           6  0.0 100.0
10                          1  0.0 100.0
11                          3  0.0 100.0
12                          1  0.0 100.0
13                          1  0.0 100.0
20                          1  0.0 100.0

#data finger_run_data=>[qw(1 2 3 4 5 6 7 8 9 10 11 12 13 20)],
#data finger_run_frequency=>[0.906,0.087,0.006,0.001,0.000,0.000,0.000,0.000,0.000,0.000,0.000,0.000,0.000,0.000],
#data finger_run_cumulative=>[0.906,0.993,0.999,1.000,1.000,1.000,1.000,1.000,1.000,1.000,1.000,1.000,1.000,1.000],

keyboard same-hand row jump length
------------------------------------------------------------
1                     4943059 71.6  71.6
2                     1116717 16.2  87.7
3                      509014  7.4  95.1
4                      187770  2.7  97.8
5                       90749  1.3  99.2
6                       28416  0.4  99.6
7                       18736  0.3  99.8
8                        5819  0.1  99.9
9                        3304  0.0 100.0
10                        867  0.0 100.0
11                        908  0.0 100.0
12                        210  0.0 100.0
13                        103  0.0 100.0
14                         45  0.0 100.0
15                         28  0.0 100.0
16                          9  0.0 100.0
17                          4  0.0 100.0
18                          1  0.0 100.0
20                          1  0.0 100.0
24                          2  0.0 100.0

#data row_jump_data=>[qw(1 2 3 4 5 6 7 8 9 10 11 12 13 14 15 16 17 18 20 24)],
#data row_jump_frequency=>[0.716,0.162,0.074,0.027,0.013,0.004,0.003,0.001,0.000,0.000,0.000,0.000,0.000,0.000,0.000,0.000,0.000,0.000,0.000,0.000],
#data row_jump_cumulative=>[0.716,0.877,0.951,0.978,0.992,0.996,0.998,0.999,1.000,1.000,1.000,1.000,1.000,1.000,1.000,1.000,1.000,1.000,1.000,1.000],

corpus character frequency
------------------------------------------------------------
e                     1189270 12.4  12.4
t                      857621  8.9  21.4
a                      772047  8.1  29.4
o                      743158  7.8  37.2
i                      664716  6.9  44.1
n                      659446  6.9  51.0
h                      601534  6.3  57.2
s                      600522  6.3  63.5
r                      551354  5.8  69.3
d                      428936  4.5  73.7
l                      395151  4.1  77.9
u                      278222  2.9  80.8
m                      257890  2.7  83.5
w                      230357  2.4  85.9
c                      228885  2.4  88.2
f                      208786  2.2  90.4
y                      202083  2.1  92.5
g                      192882  2.0  94.5
p                      158583  1.7  96.2
b                      149480  1.6  97.8
v                       91308  1.0  98.7
k                       78419  0.8  99.5
j                       14421  0.2  99.7
x                       14308  0.1  99.8
q                       10285  0.1  99.9
z                        6129  0.1 100.0

#data character_frequency_data=>[qw(e t a o i n h s r d l u m w c f y g p b v k j x q z)],
#data character_frequency_frequency=>[0.124,0.089,0.081,0.078,0.069,0.069,0.063,0.063,0.058,0.045,0.041,0.029,0.027,0.024,0.024,0.022,0.021,0.020,0.017,0.016,0.010,0.008,0.002,0.001,0.001,0.001],
#data character_frequency_cumulative=>[0.124,0.214,0.294,0.372,0.441,0.510,0.572,0.635,0.693,0.737,0.779,0.808,0.835,0.859,0.882,0.904,0.925,0.945,0.962,0.978,0.987,0.995,0.997,0.998,0.999,1.000],

