Keyboard effort
------------------------------------------------------------
k1                      0.748  79.8  79.8
k1,k2                   0.915  17.9  97.7
k1,k2,k3                0.937   2.3 100.0
b                       0.440  24.6  24.6
p                       0.496  27.8 188.7
ph                      0.000   0.0   0.0
pr                      0.182  36.8  36.8
pf                      0.270  54.5  91.2
s                       0.852  47.6 100.0
all                     1.789 100.0 100.0

#data effort_k1=>[0.748,79.802,79.802],
#data effort_k12=>[0.915,17.855,97.657],
#data effort_k123=>[0.937,2.343,100.000],
#data effort_base=>[0.440,24.612,24.612],
#data effort_penalty=>[0.496,27.754,188.679],
#data effort_penalty_hand=>[0.000,0.000,0.000],
#data effort_penalty_row=>[0.182,36.753,36.753],
#data effort_penalty_finger=>[0.270,54.452,91.205],
#data effort_path=>[0.852,47.634,100.000],
#data effort_all=>[1.789,100.000,100.000],

keyboard row frequency
------------------------------------------------------------
1                     2207523 24.1  24.1
2                     6209824 67.9  92.0
3                      733818  8.0 100.0

#data row_data=>[qw(1 2 3)],
#data row_frequency=>[0.241,0.679,0.080],
#data row_cumulative=>[0.241,0.920,1.000],

keyboard hand frequency
------------------------------------------------------------
0                     4842289 52.9  52.9
1                     4308876 47.1 100.0

#data hand_data=>[qw(0 1)],
#data hand_frequency=>[0.529,0.471],
#data hand_cumulative=>[0.529,1.000],

keyboard finger frequency
------------------------------------------------------------
0                      415916  4.5   4.5
1                      805304  8.8  13.3
2                     1217119 13.3  26.6
3                     2403950 26.3  52.9
6                     2005107 21.9  74.8
7                     1490569 16.3  91.1
8                      657326  7.2  98.3
9                      155874  1.7 100.0

#data finger_data=>[qw(0 1 2 3 6 7 8 9)],
#data finger_frequency=>[0.045,0.088,0.133,0.263,0.219,0.163,0.072,0.017],
#data finger_cumulative=>[0.045,0.133,0.266,0.529,0.748,0.911,0.983,1.000],

keyboard left hand run length
------------------------------------------------------------
1                     1376237 50.6  50.6
2                      804239 29.6  80.2
3                      282908 10.4  90.6
4                      135221  5.0  95.6
5                       65979  2.4  98.0
6                       30704  1.1  99.2
7                       13117  0.5  99.6
8                        5489  0.2  99.8
9                        2580  0.1  99.9
10                       1072  0.0 100.0
11                        450  0.0 100.0
12                        172  0.0 100.0
13                         87  0.0 100.0
14                         37  0.0 100.0
15                         19  0.0 100.0
16                          6  0.0 100.0
17                          3  0.0 100.0
18                          3  0.0 100.0
19                          1  0.0 100.0
21                          1  0.0 100.0
23                          1  0.0 100.0
28                          1  0.0 100.0

#data left_hand_run_data=>[qw(1 2 3 4 5 6 7 8 9 10 11 12 13 14 15 16 17 18 19 21 23 28)],
#data left_hand_run_frequency=>[0.506,0.296,0.104,0.050,0.024,0.011,0.005,0.002,0.001,0.000,0.000,0.000,0.000,0.000,0.000,0.000,0.000,0.000,0.000,0.000,0.000,0.000],
#data left_hand_run_cumulative=>[0.506,0.802,0.906,0.956,0.980,0.992,0.996,0.998,0.999,1.000,1.000,1.000,1.000,1.000,1.000,1.000,1.000,1.000,1.000,1.000,1.000,1.000],

keyboard right hand run length
------------------------------------------------------------
1                     1589895 58.5  58.5
2                      706657 26.0  84.5
3                      263428  9.7  94.2
4                      100719  3.7  97.9
5                       36812  1.4  99.2
6                       12597  0.5  99.7
7                        5393  0.2  99.9
8                        1791  0.1 100.0
9                         564  0.0 100.0
10                        262  0.0 100.0
11                         93  0.0 100.0
12                         49  0.0 100.0
13                         25  0.0 100.0
14                         12  0.0 100.0
15                         12  0.0 100.0
16                          6  0.0 100.0
17                          4  0.0 100.0
18                          3  0.0 100.0
19                          1  0.0 100.0
20                          1  0.0 100.0
22                          1  0.0 100.0
24                          1  0.0 100.0
31                          1  0.0 100.0
36                          1  0.0 100.0

#data right_hand_run_data=>[qw(1 2 3 4 5 6 7 8 9 10 11 12 13 14 15 16 17 18 19 20 22 24 31 36)],
#data right_hand_run_frequency=>[0.585,0.260,0.097,0.037,0.014,0.005,0.002,0.001,0.000,0.000,0.000,0.000,0.000,0.000,0.000,0.000,0.000,0.000,0.000,0.000,0.000,0.000,0.000,0.000],
#data right_hand_run_cumulative=>[0.585,0.845,0.942,0.979,0.992,0.997,0.999,1.000,1.000,1.000,1.000,1.000,1.000,1.000,1.000,1.000,1.000,1.000,1.000,1.000,1.000,1.000,1.000,1.000],

keyboard hand run length
------------------------------------------------------------
1                     2966132 54.6  54.6
2                     1510896 27.8  82.3
3                      546336 10.0  92.4
4                      235940  4.3  96.7
5                      102791  1.9  98.6
6                       43301  0.8  99.4
7                       18510  0.3  99.8
8                        7280  0.1  99.9
9                        3144  0.1 100.0
10                       1334  0.0 100.0
11                        543  0.0 100.0
12                        221  0.0 100.0
13                        112  0.0 100.0
14                         49  0.0 100.0
15                         31  0.0 100.0
16                         12  0.0 100.0
17                          7  0.0 100.0
18                          6  0.0 100.0
19                          2  0.0 100.0
20                          1  0.0 100.0
21                          1  0.0 100.0
22                          1  0.0 100.0
23                          1  0.0 100.0
24                          1  0.0 100.0
28                          1  0.0 100.0
31                          1  0.0 100.0
36                          1  0.0 100.0

#data all_hand_run_data=>[qw(1 2 3 4 5 6 7 8 9 10 11 12 13 14 15 16 17 18 19 20 21 22 23 24 28 31 36)],
#data all_hand_run_frequency=>[0.546,0.278,0.100,0.043,0.019,0.008,0.003,0.001,0.001,0.000,0.000,0.000,0.000,0.000,0.000,0.000,0.000,0.000,0.000,0.000,0.000,0.000,0.000,0.000,0.000,0.000,0.000],
#data all_hand_run_cumulative=>[0.546,0.823,0.924,0.967,0.986,0.994,0.998,0.999,1.000,1.000,1.000,1.000,1.000,1.000,1.000,1.000,1.000,1.000,1.000,1.000,1.000,1.000,1.000,1.000,1.000,1.000,1.000],

keyboard top row run length
------------------------------------------------------------
1                     1300274 74.5  74.5
2                      357864 20.5  94.9
3                       68576  3.9  98.9
4                       15175  0.9  99.7
5                        3235  0.2  99.9
6                        1045  0.1 100.0
7                         235  0.0 100.0
8                          51  0.0 100.0
9                          13  0.0 100.0
10                          3  0.0 100.0
11                          1  0.0 100.0
12                          1  0.0 100.0
15                          1  0.0 100.0
19                          1  0.0 100.0

#data t_row_run_data=>[qw(1 2 3 4 5 6 7 8 9 10 11 12 15 19)],
#data t_row_run_frequency=>[0.745,0.205,0.039,0.009,0.002,0.001,0.000,0.000,0.000,0.000,0.000,0.000,0.000,0.000],
#data t_row_run_cumulative=>[0.745,0.949,0.989,0.997,0.999,1.000,1.000,1.000,1.000,1.000,1.000,1.000,1.000,1.000],

keyboard home row run length
------------------------------------------------------------
1                      804307 36.6  36.6
2                      433127 19.7  56.3
3                      301734 13.7  70.0
4                      214997  9.8  79.8
5                      149527  6.8  86.6
6                       98134  4.5  91.1
7                       67002  3.0  94.1
8                       44611  2.0  96.2
9                       29109  1.3  97.5
10                      19425  0.9  98.4
11                      12638  0.6  98.9
12                       7918  0.4  99.3
13                       5215  0.2  99.5
14                       3538  0.2  99.7
15                       2228  0.1  99.8
16                       1480  0.1  99.9
17                       1011  0.0  99.9
18                        658  0.0  99.9
19                        409  0.0 100.0
20                        265  0.0 100.0
21                        194  0.0 100.0
22                        115  0.0 100.0
23                         76  0.0 100.0
24                         68  0.0 100.0
25                         36  0.0 100.0
26                         16  0.0 100.0
27                         14  0.0 100.0
28                          7  0.0 100.0
29                          8  0.0 100.0
30                          2  0.0 100.0
32                          3  0.0 100.0
33                          2  0.0 100.0
36                          1  0.0 100.0

#data h_row_run_data=>[qw(1 2 3 4 5 6 7 8 9 10 11 12 13 14 15 16 17 18 19 20 21 22 23 24 25 26 27 28 29 30 32 33 36)],
#data h_row_run_frequency=>[0.366,0.197,0.137,0.098,0.068,0.045,0.030,0.020,0.013,0.009,0.006,0.004,0.002,0.002,0.001,0.001,0.000,0.000,0.000,0.000,0.000,0.000,0.000,0.000,0.000,0.000,0.000,0.000,0.000,0.000,0.000,0.000,0.000],
#data h_row_run_cumulative=>[0.366,0.563,0.700,0.798,0.866,0.911,0.941,0.962,0.975,0.984,0.989,0.993,0.995,0.997,0.998,0.999,0.999,0.999,1.000,1.000,1.000,1.000,1.000,1.000,1.000,1.000,1.000,1.000,1.000,1.000,1.000,1.000,1.000],

keyboard bottom row run length
------------------------------------------------------------
1                      688967 95.1  95.1
2                       34657  4.8  99.9
3                        1012  0.1 100.0
4                          12  0.0 100.0
5                           2  0.0 100.0
9                           4  0.0 100.0

#data b_row_run_data=>[qw(1 2 3 4 5 9)],
#data b_row_run_frequency=>[0.951,0.048,0.001,0.000,0.000,0.000],
#data b_row_run_cumulative=>[0.951,0.999,1.000,1.000,1.000,1.000],

keyboard row run length
------------------------------------------------------------
1                     2793548 59.8  59.8
2                      825648 17.7  77.5
3                      371322  8.0  85.5
4                      230184  4.9  90.4
5                      152764  3.3  93.7
6                       99179  2.1  95.8
7                       67237  1.4  97.2
8                       44662  1.0  98.2
9                       29126  0.6  98.8
10                      19428  0.4  99.2
11                      12639  0.3  99.5
12                       7919  0.2  99.7
13                       5215  0.1  99.8
14                       3538  0.1  99.9
15                       2229  0.0  99.9
16                       1480  0.0  99.9
17                       1011  0.0 100.0
18                        658  0.0 100.0
19                        410  0.0 100.0
20                        265  0.0 100.0
21                        194  0.0 100.0
22                        115  0.0 100.0
23                         76  0.0 100.0
24                         68  0.0 100.0
25                         36  0.0 100.0
26                         16  0.0 100.0
27                         14  0.0 100.0
28                          7  0.0 100.0
29                          8  0.0 100.0
30                          2  0.0 100.0
32                          3  0.0 100.0
33                          2  0.0 100.0
36                          1  0.0 100.0

#data all_row_run_data=>[qw(1 2 3 4 5 6 7 8 9 10 11 12 13 14 15 16 17 18 19 20 21 22 23 24 25 26 27 28 29 30 32 33 36)],
#data all_row_run_frequency=>[0.598,0.177,0.080,0.049,0.033,0.021,0.014,0.010,0.006,0.004,0.003,0.002,0.001,0.001,0.000,0.000,0.000,0.000,0.000,0.000,0.000,0.000,0.000,0.000,0.000,0.000,0.000,0.000,0.000,0.000,0.000,0.000,0.000],
#data all_row_run_cumulative=>[0.598,0.775,0.855,0.904,0.937,0.958,0.972,0.982,0.988,0.992,0.995,0.997,0.998,0.999,0.999,0.999,1.000,1.000,1.000,1.000,1.000,1.000,1.000,1.000,1.000,1.000,1.000,1.000,1.000,1.000,1.000,1.000,1.000],

keyboard finger run length
------------------------------------------------------------
1                     7225798 87.0  87.0
2                      932288 11.2  98.2
3                      122283  1.5  99.6
4                       21628  0.3  99.9
5                        6902  0.1 100.0
6                         821  0.0 100.0
7                         211  0.0 100.0
8                          91  0.0 100.0
9                          23  0.0 100.0
10                          7  0.0 100.0
11                          1  0.0 100.0
12                          5  0.0 100.0
13                          1  0.0 100.0
15                          1  0.0 100.0
20                          1  0.0 100.0
21                          1  0.0 100.0

#data finger_run_data=>[qw(1 2 3 4 5 6 7 8 9 10 11 12 13 15 20 21)],
#data finger_run_frequency=>[0.870,0.112,0.015,0.003,0.001,0.000,0.000,0.000,0.000,0.000,0.000,0.000,0.000,0.000,0.000,0.000],
#data finger_run_cumulative=>[0.870,0.982,0.996,0.999,1.000,1.000,1.000,1.000,1.000,1.000,1.000,1.000,1.000,1.000,1.000,1.000],

keyboard same-hand row jump length
------------------------------------------------------------
1                     6160310 80.6  80.6
2                     1086682 14.2  94.8
3                      278557  3.6  98.4
4                       79472  1.0  99.5
5                       30904  0.4  99.9
6                        6321  0.1 100.0
7                        1546  0.0 100.0
8                         470  0.0 100.0
9                         116  0.0 100.0
10                         30  0.0 100.0
11                          8  0.0 100.0
12                          1  0.0 100.0
13                          1  0.0 100.0
24                          1  0.0 100.0

#data row_jump_data=>[qw(1 2 3 4 5 6 7 8 9 10 11 12 13 24)],
#data row_jump_frequency=>[0.806,0.142,0.036,0.010,0.004,0.001,0.000,0.000,0.000,0.000,0.000,0.000,0.000,0.000],
#data row_jump_cumulative=>[0.806,0.948,0.984,0.995,0.999,1.000,1.000,1.000,1.000,1.000,1.000,1.000,1.000,1.000],

corpus character frequency
------------------------------------------------------------
e                     1189270 12.4  12.4
t                      857621  8.9  21.4
a                      772047  8.1  29.4
o                      743158  7.8  37.2
i                      664716  6.9  44.1
n                      659446  6.9  51.0
h                      601534  6.3  57.2
s                      600522  6.3  63.5
r                      551354  5.8  69.3
d                      428936  4.5  73.7
l                      395151  4.1  77.9
u                      278222  2.9  80.8
m                      257890  2.7  83.5
w                      230357  2.4  85.9
c                      228885  2.4  88.2
f                      208786  2.2  90.4
y                      202083  2.1  92.5
g                      192882  2.0  94.5
p                      158583  1.7  96.2
b                      149480  1.6  97.8
v                       91308  1.0  98.7
k                       78419  0.8  99.5
j                       14421  0.2  99.7
x                       14308  0.1  99.8
q                       10285  0.1  99.9
z                        6129  0.1 100.0

#data character_frequency_data=>[qw(e t a o i n h s r d l u m w c f y g p b v k j x q z)],
#data character_frequency_frequency=>[0.124,0.089,0.081,0.078,0.069,0.069,0.063,0.063,0.058,0.045,0.041,0.029,0.027,0.024,0.024,0.022,0.021,0.020,0.017,0.016,0.010,0.008,0.002,0.001,0.001,0.001],
#data character_frequency_cumulative=>[0.124,0.214,0.294,0.372,0.441,0.510,0.572,0.635,0.693,0.737,0.779,0.808,0.835,0.859,0.882,0.904,0.925,0.945,0.962,0.978,0.987,0.995,0.997,0.998,0.999,1.000],

