Keyboard effort
------------------------------------------------------------
k1                      0.733  77.2  77.2
k1,k2                   0.919  19.6  96.8
k1,k2,k3                0.949   3.2 100.0
b                       0.475  27.5  27.5
p                       0.474  27.4 200.2
ph                      0.000   0.0   0.0
pr                      0.202  42.6  42.6
pf                      0.221  46.7  89.3
s                       0.781  45.1 100.0
all                     1.731 100.0 100.0

#data effort_k1=>[0.733,77.220,77.220],
#data effort_k12=>[0.919,19.602,96.822],
#data effort_k123=>[0.949,3.178,100.000],
#data effort_base=>[0.475,27.458,27.458],
#data effort_penalty=>[0.474,27.397,200.220],
#data effort_penalty_hand=>[0.000,0.000,0.000],
#data effort_penalty_row=>[0.202,42.570,42.570],
#data effort_penalty_finger=>[0.221,46.693,89.262],
#data effort_path=>[0.781,45.145,100.000],
#data effort_all=>[1.731,100.000,100.000],

keyboard row frequency
------------------------------------------------------------
1                     2474570 27.0  27.0
2                     5912630 64.6  91.7
3                      763965  8.3 100.0

#data row_data=>[qw(1 2 3)],
#data row_frequency=>[0.270,0.646,0.083],
#data row_cumulative=>[0.270,0.917,1.000],

keyboard hand frequency
------------------------------------------------------------
0                     4445889 48.6  48.6
1                     4705276 51.4 100.0

#data hand_data=>[qw(0 1)],
#data hand_frequency=>[0.486,0.514],
#data hand_cumulative=>[0.486,1.000],

keyboard finger frequency
------------------------------------------------------------
0                      237619  2.6   2.6
1                      823826  9.0  11.6
2                     1379642 15.1  26.7
3                     2004802 21.9  48.6
6                     2073005 22.7  71.2
7                     1758726 19.2  90.5
8                      859372  9.4  99.8
9                       14173  0.2 100.0

#data finger_data=>[qw(0 1 2 3 6 7 8 9)],
#data finger_frequency=>[0.026,0.090,0.151,0.219,0.227,0.192,0.094,0.002],
#data finger_cumulative=>[0.026,0.116,0.267,0.486,0.712,0.905,0.998,1.000],

keyboard left hand run length
------------------------------------------------------------
1                     1658872 55.7  55.7
2                      987467 33.2  88.9
3                      287493  9.7  98.6
4                       37355  1.3  99.8
5                        4318  0.1 100.0
6                         478  0.0 100.0
7                          49  0.0 100.0
8                           9  0.0 100.0
9                           6  0.0 100.0
10                          1  0.0 100.0
11                          4  0.0 100.0
12                          5  0.0 100.0
21                          1  0.0 100.0

#data left_hand_run_data=>[qw(1 2 3 4 5 6 7 8 9 10 11 12 21)],
#data left_hand_run_frequency=>[0.557,0.332,0.097,0.013,0.001,0.000,0.000,0.000,0.000,0.000,0.000,0.000,0.000],
#data left_hand_run_cumulative=>[0.557,0.889,0.986,0.998,1.000,1.000,1.000,1.000,1.000,1.000,1.000,1.000,1.000],

keyboard right hand run length
------------------------------------------------------------
1                     1694906 57.0  57.0
2                      870227 29.2  86.2
3                      255477  8.6  94.8
4                      100293  3.4  98.1
5                       35107  1.2  99.3
6                       10501  0.4  99.7
7                        5604  0.2  99.9
8                        2412  0.1  99.9
9                         839  0.0 100.0
10                        438  0.0 100.0
11                        147  0.0 100.0
12                         56  0.0 100.0
13                         26  0.0 100.0
14                         11  0.0 100.0
15                          6  0.0 100.0
16                          3  0.0 100.0
17                          1  0.0 100.0
18                          1  0.0 100.0
20                          1  0.0 100.0
21                          1  0.0 100.0
22                          2  0.0 100.0
28                          1  0.0 100.0

#data right_hand_run_data=>[qw(1 2 3 4 5 6 7 8 9 10 11 12 13 14 15 16 17 18 20 21 22 28)],
#data right_hand_run_frequency=>[0.570,0.292,0.086,0.034,0.012,0.004,0.002,0.001,0.000,0.000,0.000,0.000,0.000,0.000,0.000,0.000,0.000,0.000,0.000,0.000,0.000,0.000],
#data right_hand_run_cumulative=>[0.570,0.862,0.948,0.981,0.993,0.997,0.999,0.999,1.000,1.000,1.000,1.000,1.000,1.000,1.000,1.000,1.000,1.000,1.000,1.000,1.000,1.000],

keyboard hand run length
------------------------------------------------------------
1                     3353778 56.3  56.3
2                     1857694 31.2  87.6
3                      542970  9.1  96.7
4                      137648  2.3  99.0
5                       39425  0.7  99.7
6                       10979  0.2  99.8
7                        5653  0.1  99.9
8                        2421  0.0 100.0
9                         845  0.0 100.0
10                        439  0.0 100.0
11                        151  0.0 100.0
12                         61  0.0 100.0
13                         26  0.0 100.0
14                         11  0.0 100.0
15                          6  0.0 100.0
16                          3  0.0 100.0
17                          1  0.0 100.0
18                          1  0.0 100.0
20                          1  0.0 100.0
21                          2  0.0 100.0
22                          2  0.0 100.0
28                          1  0.0 100.0

#data all_hand_run_data=>[qw(1 2 3 4 5 6 7 8 9 10 11 12 13 14 15 16 17 18 20 21 22 28)],
#data all_hand_run_frequency=>[0.563,0.312,0.091,0.023,0.007,0.002,0.001,0.000,0.000,0.000,0.000,0.000,0.000,0.000,0.000,0.000,0.000,0.000,0.000,0.000,0.000,0.000],
#data all_hand_run_cumulative=>[0.563,0.876,0.967,0.990,0.997,0.998,0.999,1.000,1.000,1.000,1.000,1.000,1.000,1.000,1.000,1.000,1.000,1.000,1.000,1.000,1.000,1.000],

keyboard top row run length
------------------------------------------------------------
1                     1309915 71.1  71.1
2                      373970 20.3  91.4
3                      115401  6.3  97.6
4                       33048  1.8  99.4
5                        7944  0.4  99.8
6                        2062  0.1 100.0
7                         580  0.0 100.0
8                         148  0.0 100.0
9                          29  0.0 100.0
10                         10  0.0 100.0
11                          7  0.0 100.0
14                          1  0.0 100.0
28                          1  0.0 100.0

#data t_row_run_data=>[qw(1 2 3 4 5 6 7 8 9 10 11 14 28)],
#data t_row_run_frequency=>[0.711,0.203,0.063,0.018,0.004,0.001,0.000,0.000,0.000,0.000,0.000,0.000,0.000],
#data t_row_run_cumulative=>[0.711,0.914,0.976,0.994,0.998,1.000,1.000,1.000,1.000,1.000,1.000,1.000,1.000],

keyboard home row run length
------------------------------------------------------------
1                      766382 34.3  34.3
2                      528223 23.7  58.0
3                      353345 15.8  73.8
4                      211704  9.5  83.3
5                      140170  6.3  89.6
6                       89412  4.0  93.6
7                       54770  2.5  96.0
8                       33968  1.5  97.6
9                       20711  0.9  98.5
10                      12737  0.6  99.0
11                       8049  0.4  99.4
12                       4973  0.2  99.6
13                       3123  0.1  99.8
14                       1964  0.1  99.9
15                       1191  0.1  99.9
16                        784  0.0  99.9
17                        425  0.0 100.0
18                        257  0.0 100.0
19                        176  0.0 100.0
20                        112  0.0 100.0
21                         56  0.0 100.0
22                         43  0.0 100.0
23                         24  0.0 100.0
24                         10  0.0 100.0
25                         13  0.0 100.0
26                          8  0.0 100.0
27                          3  0.0 100.0
28                          1  0.0 100.0
29                          1  0.0 100.0
31                          2  0.0 100.0
32                          1  0.0 100.0
33                          2  0.0 100.0
34                          1  0.0 100.0

#data h_row_run_data=>[qw(1 2 3 4 5 6 7 8 9 10 11 12 13 14 15 16 17 18 19 20 21 22 23 24 25 26 27 28 29 31 32 33 34)],
#data h_row_run_frequency=>[0.343,0.237,0.158,0.095,0.063,0.040,0.025,0.015,0.009,0.006,0.004,0.002,0.001,0.001,0.001,0.000,0.000,0.000,0.000,0.000,0.000,0.000,0.000,0.000,0.000,0.000,0.000,0.000,0.000,0.000,0.000,0.000,0.000],
#data h_row_run_cumulative=>[0.343,0.580,0.738,0.833,0.896,0.936,0.960,0.976,0.985,0.990,0.994,0.996,0.998,0.999,0.999,0.999,1.000,1.000,1.000,1.000,1.000,1.000,1.000,1.000,1.000,1.000,1.000,1.000,1.000,1.000,1.000,1.000,1.000],

keyboard bottom row run length
------------------------------------------------------------
1                      705709 94.5  94.5
2                       40245  5.4  99.9
3                         506  0.1 100.0
4                          28  0.0 100.0
5                           3  0.0 100.0
6                           1  0.0 100.0
10                          4  0.0 100.0

#data b_row_run_data=>[qw(1 2 3 4 5 6 10)],
#data b_row_run_frequency=>[0.945,0.054,0.001,0.000,0.000,0.000,0.000],
#data b_row_run_cumulative=>[0.945,0.999,1.000,1.000,1.000,1.000,1.000],

keyboard row run length
------------------------------------------------------------
1                     2782006 57.7  57.7
2                      942438 19.5  77.2
3                      469252  9.7  87.0
4                      244780  5.1  92.0
5                      148117  3.1  95.1
6                       91475  1.9  97.0
7                       55350  1.1  98.2
8                       34116  0.7  98.9
9                       20740  0.4  99.3
10                      12751  0.3  99.6
11                       8056  0.2  99.7
12                       4973  0.1  99.8
13                       3123  0.1  99.9
14                       1965  0.0  99.9
15                       1191  0.0 100.0
16                        784  0.0 100.0
17                        425  0.0 100.0
18                        257  0.0 100.0
19                        176  0.0 100.0
20                        112  0.0 100.0
21                         56  0.0 100.0
22                         43  0.0 100.0
23                         24  0.0 100.0
24                         10  0.0 100.0
25                         13  0.0 100.0
26                          8  0.0 100.0
27                          3  0.0 100.0
28                          2  0.0 100.0
29                          1  0.0 100.0
31                          2  0.0 100.0
32                          1  0.0 100.0
33                          2  0.0 100.0
34                          1  0.0 100.0

#data all_row_run_data=>[qw(1 2 3 4 5 6 7 8 9 10 11 12 13 14 15 16 17 18 19 20 21 22 23 24 25 26 27 28 29 31 32 33 34)],
#data all_row_run_frequency=>[0.577,0.195,0.097,0.051,0.031,0.019,0.011,0.007,0.004,0.003,0.002,0.001,0.001,0.000,0.000,0.000,0.000,0.000,0.000,0.000,0.000,0.000,0.000,0.000,0.000,0.000,0.000,0.000,0.000,0.000,0.000,0.000,0.000],
#data all_row_run_cumulative=>[0.577,0.772,0.870,0.920,0.951,0.970,0.982,0.989,0.993,0.996,0.997,0.998,0.999,0.999,1.000,1.000,1.000,1.000,1.000,1.000,1.000,1.000,1.000,1.000,1.000,1.000,1.000,1.000,1.000,1.000,1.000,1.000,1.000],

keyboard finger run length
------------------------------------------------------------
1                     7771712 89.9  89.9
2                      817496  9.5  99.3
3                       52418  0.6  99.9
4                        4819  0.1 100.0
5                         435  0.0 100.0
6                          21  0.0 100.0
7                           7  0.0 100.0
8                           6  0.0 100.0
9                           3  0.0 100.0
10                          5  0.0 100.0
11                          3  0.0 100.0
12                          1  0.0 100.0
19                          1  0.0 100.0
20                          1  0.0 100.0

#data finger_run_data=>[qw(1 2 3 4 5 6 7 8 9 10 11 12 19 20)],
#data finger_run_frequency=>[0.899,0.095,0.006,0.001,0.000,0.000,0.000,0.000,0.000,0.000,0.000,0.000,0.000,0.000],
#data finger_run_cumulative=>[0.899,0.993,0.999,1.000,1.000,1.000,1.000,1.000,1.000,1.000,1.000,1.000,1.000,1.000],

keyboard same-hand row jump length
------------------------------------------------------------
1                     6059777 79.9  79.9
2                     1083488 14.3  94.1
3                      305253  4.0  98.2
4                      103183  1.4  99.5
5                       25469  0.3  99.9
6                        7262  0.1  99.9
7                        2546  0.0 100.0
8                        1090  0.0 100.0
9                         267  0.0 100.0
10                        109  0.0 100.0
11                         30  0.0 100.0
12                          7  0.0 100.0
13                          5  0.0 100.0

#data row_jump_data=>[qw(1 2 3 4 5 6 7 8 9 10 11 12 13)],
#data row_jump_frequency=>[0.799,0.143,0.040,0.014,0.003,0.001,0.000,0.000,0.000,0.000,0.000,0.000,0.000],
#data row_jump_cumulative=>[0.799,0.941,0.982,0.995,0.999,0.999,1.000,1.000,1.000,1.000,1.000,1.000,1.000],

corpus character frequency
------------------------------------------------------------
e                     1189270 12.4  12.4
t                      857621  8.9  21.4
a                      772047  8.1  29.4
o                      743158  7.8  37.2
i                      664716  6.9  44.1
n                      659446  6.9  51.0
h                      601534  6.3  57.2
s                      600522  6.3  63.5
r                      551354  5.8  69.3
d                      428936  4.5  73.7
l                      395151  4.1  77.9
u                      278222  2.9  80.8
m                      257890  2.7  83.5
w                      230357  2.4  85.9
c                      228885  2.4  88.2
f                      208786  2.2  90.4
y                      202083  2.1  92.5
g                      192882  2.0  94.5
p                      158583  1.7  96.2
b                      149480  1.6  97.8
v                       91308  1.0  98.7
k                       78419  0.8  99.5
j                       14421  0.2  99.7
x                       14308  0.1  99.8
q                       10285  0.1  99.9
z                        6129  0.1 100.0

#data character_frequency_data=>[qw(e t a o i n h s r d l u m w c f y g p b v k j x q z)],
#data character_frequency_frequency=>[0.124,0.089,0.081,0.078,0.069,0.069,0.063,0.063,0.058,0.045,0.041,0.029,0.027,0.024,0.024,0.022,0.021,0.020,0.017,0.016,0.010,0.008,0.002,0.001,0.001,0.001],
#data character_frequency_cumulative=>[0.124,0.214,0.294,0.372,0.441,0.510,0.572,0.635,0.693,0.737,0.779,0.808,0.835,0.859,0.882,0.904,0.925,0.945,0.962,0.978,0.987,0.995,0.997,0.998,0.999,1.000],

