Keyboard effort
------------------------------------------------------------
k1                      0.757  79.3  79.3
k1,k2                   0.931  18.1  97.4
k1,k2,k3                0.955   2.6 100.0
b                       0.385  23.0  23.0
p                       0.571  34.2 167.4
ph                      0.000   0.0   0.0
pr                      0.147  25.7  25.7
pf                      0.371  65.0  90.7
s                       0.715  42.8 100.0
all                     1.670 100.0 100.0

#data effort_k1=>[0.757,79.261,79.261],
#data effort_k12=>[0.931,18.140,97.401],
#data effort_k123=>[0.955,2.599,100.000],
#data effort_base=>[0.385,23.033,23.033],
#data effort_penalty=>[0.571,34.166,167.414],
#data effort_penalty_hand=>[0.000,0.000,0.000],
#data effort_penalty_row=>[0.147,25.722,25.722],
#data effort_penalty_finger=>[0.371,65.004,90.726],
#data effort_path=>[0.715,42.801,100.000],
#data effort_all=>[1.670,100.000,100.000],

keyboard row frequency
------------------------------------------------------------
1                     1843114 20.1  20.1
2                     6734080 73.6  93.7
3                      573971  6.3 100.0

#data row_data=>[qw(1 2 3)],
#data row_frequency=>[0.201,0.736,0.063],
#data row_cumulative=>[0.201,0.937,1.000],

keyboard hand frequency
------------------------------------------------------------
0                     4318705 47.2  47.2
1                     4832460 52.8 100.0

#data hand_data=>[qw(0 1)],
#data hand_frequency=>[0.472,0.528],
#data hand_cumulative=>[0.472,1.000],

keyboard finger frequency
------------------------------------------------------------
0                      415916  4.5   4.5
1                      762974  8.3  12.9
2                     1291809 14.1  27.0
3                     1848006 20.2  47.2
6                     2008876 22.0  69.1
7                     1384856 15.1  84.3
8                      859372  9.4  93.7
9                      579356  6.3 100.0

#data finger_data=>[qw(0 1 2 3 6 7 8 9)],
#data finger_frequency=>[0.045,0.083,0.141,0.202,0.220,0.151,0.094,0.063],
#data finger_cumulative=>[0.045,0.129,0.270,0.472,0.691,0.843,0.937,1.000],

keyboard left hand run length
------------------------------------------------------------
1                     1795877 59.7  59.7
2                      927072 30.8  90.6
3                      250199  8.3  98.9
4                       29564  1.0  99.9
5                        3503  0.1 100.0
6                         436  0.0 100.0
7                          46  0.0 100.0
8                           7  0.0 100.0
9                           2  0.0 100.0
10                          5  0.0 100.0
11                          2  0.0 100.0
21                          1  0.0 100.0

#data left_hand_run_data=>[qw(1 2 3 4 5 6 7 8 9 10 11 21)],
#data left_hand_run_frequency=>[0.597,0.308,0.083,0.010,0.001,0.000,0.000,0.000,0.000,0.000,0.000,0.000],
#data left_hand_run_cumulative=>[0.597,0.906,0.989,0.999,1.000,1.000,1.000,1.000,1.000,1.000,1.000,1.000],

keyboard right hand run length
------------------------------------------------------------
1                     1678697 55.8  55.8
2                      882842 29.4  85.2
3                      267052  8.9  94.1
4                      118429  3.9  98.0
5                       41023  1.4  99.4
6                       12345  0.4  99.8
7                        4134  0.1  99.9
8                        1419  0.0 100.0
9                         467  0.0 100.0
10                        180  0.0 100.0
11                         72  0.0 100.0
12                         25  0.0 100.0
13                          9  0.0 100.0
14                          9  0.0 100.0
15                          4  0.0 100.0
16                          3  0.0 100.0
17                          1  0.0 100.0
20                          1  0.0 100.0
21                          1  0.0 100.0
22                          2  0.0 100.0
23                          1  0.0 100.0

#data right_hand_run_data=>[qw(1 2 3 4 5 6 7 8 9 10 11 12 13 14 15 16 17 20 21 22 23)],
#data right_hand_run_frequency=>[0.558,0.294,0.089,0.039,0.014,0.004,0.001,0.000,0.000,0.000,0.000,0.000,0.000,0.000,0.000,0.000,0.000,0.000,0.000,0.000,0.000],
#data right_hand_run_cumulative=>[0.558,0.852,0.941,0.980,0.994,0.998,0.999,1.000,1.000,1.000,1.000,1.000,1.000,1.000,1.000,1.000,1.000,1.000,1.000,1.000,1.000],

keyboard hand run length
------------------------------------------------------------
1                     3474574 57.8  57.8
2                     1809914 30.1  87.9
3                      517251  8.6  96.5
4                      147993  2.5  98.9
5                       44526  0.7  99.7
6                       12781  0.2  99.9
7                        4180  0.1 100.0
8                        1426  0.0 100.0
9                         469  0.0 100.0
10                        185  0.0 100.0
11                         74  0.0 100.0
12                         25  0.0 100.0
13                          9  0.0 100.0
14                          9  0.0 100.0
15                          4  0.0 100.0
16                          3  0.0 100.0
17                          1  0.0 100.0
20                          1  0.0 100.0
21                          2  0.0 100.0
22                          2  0.0 100.0
23                          1  0.0 100.0

#data all_hand_run_data=>[qw(1 2 3 4 5 6 7 8 9 10 11 12 13 14 15 16 17 20 21 22 23)],
#data all_hand_run_frequency=>[0.578,0.301,0.086,0.025,0.007,0.002,0.001,0.000,0.000,0.000,0.000,0.000,0.000,0.000,0.000,0.000,0.000,0.000,0.000,0.000,0.000],
#data all_hand_run_cumulative=>[0.578,0.879,0.965,0.989,0.997,0.999,1.000,1.000,1.000,1.000,1.000,1.000,1.000,1.000,1.000,1.000,1.000,1.000,1.000,1.000,1.000],

keyboard top row run length
------------------------------------------------------------
1                     1147771 76.7  76.7
2                      284596 19.0  95.7
3                       51461  3.4  99.2
4                        9731  0.7  99.8
5                        2144  0.1 100.0
6                         553  0.0 100.0
7                          86  0.0 100.0
8                          16  0.0 100.0
9                           4  0.0 100.0
10                          1  0.0 100.0
11                          1  0.0 100.0
14                          1  0.0 100.0
27                          1  0.0 100.0

#data t_row_run_data=>[qw(1 2 3 4 5 6 7 8 9 10 11 14 27)],
#data t_row_run_frequency=>[0.767,0.190,0.034,0.007,0.001,0.000,0.000,0.000,0.000,0.000,0.000,0.000,0.000],
#data t_row_run_cumulative=>[0.767,0.957,0.992,0.998,1.000,1.000,1.000,1.000,1.000,1.000,1.000,1.000,1.000],

keyboard home row run length
------------------------------------------------------------
1                      495620 26.0  26.0
2                      385476 20.2  46.2
3                      271384 14.2  60.4
4                      197687 10.4  70.8
5                      159575  8.4  79.2
6                      110166  5.8  84.9
7                       80947  4.2  89.2
8                       59062  3.1  92.3
9                       41637  2.2  94.5
10                      29950  1.6  96.0
11                      21283  1.1  97.2
12                      15161  0.8  97.9
13                      11071  0.6  98.5
14                       7823  0.4  98.9
15                       5745  0.3  99.2
16                       4154  0.2  99.5
17                       2846  0.1  99.6
18                       2129  0.1  99.7
19                       1479  0.1  99.8
20                       1030  0.1  99.8
21                        819  0.0  99.9
22                        582  0.0  99.9
23                        398  0.0  99.9
24                        323  0.0 100.0
25                        229  0.0 100.0
26                        159  0.0 100.0
27                        108  0.0 100.0
28                         69  0.0 100.0
29                         53  0.0 100.0
30                         36  0.0 100.0
31                         21  0.0 100.0
32                         17  0.0 100.0
33                         16  0.0 100.0
34                         13  0.0 100.0
35                          7  0.0 100.0
36                          7  0.0 100.0
37                          3  0.0 100.0
38                          3  0.0 100.0
39                          1  0.0 100.0
40                          1  0.0 100.0
41                          2  0.0 100.0
43                          1  0.0 100.0
45                          1  0.0 100.0

#data h_row_run_data=>[qw(1 2 3 4 5 6 7 8 9 10 11 12 13 14 15 16 17 18 19 20 21 22 23 24 25 26 27 28 29 30 31 32 33 34 35 36 37 38 39 40 41 43 45)],
#data h_row_run_frequency=>[0.260,0.202,0.142,0.104,0.084,0.058,0.042,0.031,0.022,0.016,0.011,0.008,0.006,0.004,0.003,0.002,0.001,0.001,0.001,0.001,0.000,0.000,0.000,0.000,0.000,0.000,0.000,0.000,0.000,0.000,0.000,0.000,0.000,0.000,0.000,0.000,0.000,0.000,0.000,0.000,0.000,0.000,0.000],
#data h_row_run_cumulative=>[0.260,0.462,0.604,0.708,0.792,0.849,0.892,0.923,0.945,0.960,0.972,0.979,0.985,0.989,0.992,0.995,0.996,0.997,0.998,0.998,0.999,0.999,0.999,1.000,1.000,1.000,1.000,1.000,1.000,1.000,1.000,1.000,1.000,1.000,1.000,1.000,1.000,1.000,1.000,1.000,1.000,1.000,1.000],

keyboard bottom row run length
------------------------------------------------------------
1                      515398 93.1  93.1
2                       37374  6.8  99.9
3                         599  0.1 100.0
4                          15  0.0 100.0
5                           2  0.0 100.0
10                          4  0.0 100.0

#data b_row_run_data=>[qw(1 2 3 4 5 10)],
#data b_row_run_frequency=>[0.931,0.068,0.001,0.000,0.000,0.000],
#data b_row_run_cumulative=>[0.931,0.999,1.000,1.000,1.000,1.000],

keyboard row run length
------------------------------------------------------------
1                     2158789 54.6  54.6
2                      707446 17.9  72.4
3                      323444  8.2  80.6
4                      207433  5.2  85.9
5                      161721  4.1  89.9
6                      110719  2.8  92.7
7                       81033  2.0  94.8
8                       59078  1.5  96.3
9                       41641  1.1  97.3
10                      29955  0.8  98.1
11                      21284  0.5  98.6
12                      15161  0.4  99.0
13                      11071  0.3  99.3
14                       7824  0.2  99.5
15                       5745  0.1  99.6
16                       4154  0.1  99.7
17                       2846  0.1  99.8
18                       2129  0.1  99.9
19                       1479  0.0  99.9
20                       1030  0.0  99.9
21                        819  0.0  99.9
22                        582  0.0 100.0
23                        398  0.0 100.0
24                        323  0.0 100.0
25                        229  0.0 100.0
26                        159  0.0 100.0
27                        109  0.0 100.0
28                         69  0.0 100.0
29                         53  0.0 100.0
30                         36  0.0 100.0
31                         21  0.0 100.0
32                         17  0.0 100.0
33                         16  0.0 100.0
34                         13  0.0 100.0
35                          7  0.0 100.0
36                          7  0.0 100.0
37                          3  0.0 100.0
38                          3  0.0 100.0
39                          1  0.0 100.0
40                          1  0.0 100.0
41                          2  0.0 100.0
43                          1  0.0 100.0
45                          1  0.0 100.0

#data all_row_run_data=>[qw(1 2 3 4 5 6 7 8 9 10 11 12 13 14 15 16 17 18 19 20 21 22 23 24 25 26 27 28 29 30 31 32 33 34 35 36 37 38 39 40 41 43 45)],
#data all_row_run_frequency=>[0.546,0.179,0.082,0.052,0.041,0.028,0.020,0.015,0.011,0.008,0.005,0.004,0.003,0.002,0.001,0.001,0.001,0.001,0.000,0.000,0.000,0.000,0.000,0.000,0.000,0.000,0.000,0.000,0.000,0.000,0.000,0.000,0.000,0.000,0.000,0.000,0.000,0.000,0.000,0.000,0.000,0.000,0.000],
#data all_row_run_cumulative=>[0.546,0.724,0.806,0.859,0.899,0.927,0.948,0.963,0.973,0.981,0.986,0.990,0.993,0.995,0.996,0.997,0.998,0.999,0.999,0.999,0.999,1.000,1.000,1.000,1.000,1.000,1.000,1.000,1.000,1.000,1.000,1.000,1.000,1.000,1.000,1.000,1.000,1.000,1.000,1.000,1.000,1.000,1.000],

keyboard finger run length
------------------------------------------------------------
1                     8024720 91.5  91.5
2                      689235  7.9  99.3
3                       50968  0.6  99.9
4                        5954  0.1 100.0
5                         989  0.0 100.0
6                         106  0.0 100.0
7                          18  0.0 100.0
8                           3  0.0 100.0
9                           6  0.0 100.0
11                          3  0.0 100.0
12                          1  0.0 100.0
16                          1  0.0 100.0
17                          1  0.0 100.0
20                          1  0.0 100.0

#data finger_run_data=>[qw(1 2 3 4 5 6 7 8 9 11 12 16 17 20)],
#data finger_run_frequency=>[0.915,0.079,0.006,0.001,0.000,0.000,0.000,0.000,0.000,0.000,0.000,0.000,0.000,0.000],
#data finger_run_cumulative=>[0.915,0.993,0.999,1.000,1.000,1.000,1.000,1.000,1.000,1.000,1.000,1.000,1.000,1.000],

keyboard same-hand row jump length
------------------------------------------------------------
1                     6763063 84.6  84.6
2                      917797 11.5  96.1
3                      240737  3.0  99.1
4                       55940  0.7  99.8
5                       13212  0.2  99.9
6                        3639  0.0 100.0
7                        1070  0.0 100.0
8                         223  0.0 100.0
9                          79  0.0 100.0
10                         23  0.0 100.0
11                          3  0.0 100.0
12                          3  0.0 100.0
13                          1  0.0 100.0
16                          1  0.0 100.0
17                          1  0.0 100.0

#data row_jump_data=>[qw(1 2 3 4 5 6 7 8 9 10 11 12 13 16 17)],
#data row_jump_frequency=>[0.846,0.115,0.030,0.007,0.002,0.000,0.000,0.000,0.000,0.000,0.000,0.000,0.000,0.000,0.000],
#data row_jump_cumulative=>[0.846,0.961,0.991,0.998,0.999,1.000,1.000,1.000,1.000,1.000,1.000,1.000,1.000,1.000,1.000],

corpus character frequency
------------------------------------------------------------
e                     1189270 12.4  12.4
t                      857621  8.9  21.4
a                      772047  8.1  29.4
o                      743158  7.8  37.2
i                      664716  6.9  44.1
n                      659446  6.9  51.0
h                      601534  6.3  57.2
s                      600522  6.3  63.5
r                      551354  5.8  69.3
d                      428936  4.5  73.7
l                      395151  4.1  77.9
u                      278222  2.9  80.8
m                      257890  2.7  83.5
w                      230357  2.4  85.9
c                      228885  2.4  88.2
f                      208786  2.2  90.4
y                      202083  2.1  92.5
g                      192882  2.0  94.5
p                      158583  1.7  96.2
b                      149480  1.6  97.8
v                       91308  1.0  98.7
k                       78419  0.8  99.5
j                       14421  0.2  99.7
x                       14308  0.1  99.8
q                       10285  0.1  99.9
z                        6129  0.1 100.0

#data character_frequency_data=>[qw(e t a o i n h s r d l u m w c f y g p b v k j x q z)],
#data character_frequency_frequency=>[0.124,0.089,0.081,0.078,0.069,0.069,0.063,0.063,0.058,0.045,0.041,0.029,0.027,0.024,0.024,0.022,0.021,0.020,0.017,0.016,0.010,0.008,0.002,0.001,0.001,0.001],
#data character_frequency_cumulative=>[0.124,0.214,0.294,0.372,0.441,0.510,0.572,0.635,0.693,0.737,0.779,0.808,0.835,0.859,0.882,0.904,0.925,0.945,0.962,0.978,0.987,0.995,0.997,0.998,0.999,1.000],

