Keyboard effort
------------------------------------------------------------
k1                      1.236  61.8  61.8
k1,k2                   1.817  29.1  90.9
k1,k2,k3                2.000   9.1 100.0
b                       1.000  33.3  33.3
p                       1.000  33.3 200.0
ph                      0.000   0.0   0.0
pr                      0.408  40.8  40.8
pf                      0.408  40.8  81.7
s                       1.000  33.3 100.0
all                     3.000 100.0 100.0

#data effort_k1=>[1.236,61.778,61.778],
#data effort_k12=>[1.817,29.092,90.871],
#data effort_k123=>[2.000,9.129,100.000],
#data effort_base=>[1.000,33.332,33.332],
#data effort_penalty=>[1.000,33.338,199.982],
#data effort_penalty_hand=>[0.000,0.000,0.000],
#data effort_penalty_row=>[0.408,40.820,40.820],
#data effort_penalty_finger=>[0.408,40.831,81.651],
#data effort_path=>[1.000,33.331,100.000],
#data effort_all=>[3.000,100.000,100.000],

keyboard row frequency
------------------------------------------------------------
1                     4666364 51.0  51.0
2                     3142011 34.3  85.3
3                     1342790 14.7 100.0

#data row_data=>[qw(1 2 3)],
#data row_frequency=>[0.510,0.343,0.147],
#data row_cumulative=>[0.510,0.853,1.000],

keyboard hand frequency
------------------------------------------------------------
0                     5274593 57.6  57.6
1                     3876572 42.4 100.0

#data hand_data=>[qw(0 1)],
#data hand_frequency=>[0.576,0.424],
#data hand_cumulative=>[0.576,1.000],

keyboard finger frequency
------------------------------------------------------------
0                      764404  8.4   8.4
1                      805304  8.8  17.2
2                     1737866 19.0  36.1
3                     1967019 21.5  57.6
6                     1915521 20.9  78.6
7                      717450  7.8  86.4
8                     1087727 11.9  98.3
9                      155874  1.7 100.0

#data finger_data=>[qw(0 1 2 3 6 7 8 9)],
#data finger_frequency=>[0.084,0.088,0.190,0.215,0.209,0.078,0.119,0.017],
#data finger_cumulative=>[0.084,0.172,0.361,0.576,0.786,0.864,0.983,1.000],

keyboard left hand run length
------------------------------------------------------------
1                     1027393 42.1  42.1
2                      642888 26.4  68.5
3                      346685 14.2  82.7
4                      194523  8.0  90.6
5                      104606  4.3  94.9
6                       59547  2.4  97.4
7                       30827  1.3  98.6
8                       15744  0.6  99.3
9                        8116  0.3  99.6
10                       4217  0.2  99.8
11                       2414  0.1  99.9
12                       1268  0.1  99.9
13                        711  0.0 100.0
14                        349  0.0 100.0
15                        223  0.0 100.0
16                        124  0.0 100.0
17                         43  0.0 100.0
18                         42  0.0 100.0
19                         19  0.0 100.0
20                         10  0.0 100.0
21                          5  0.0 100.0
22                          5  0.0 100.0
23                          1  0.0 100.0
24                          1  0.0 100.0
25                          2  0.0 100.0

#data left_hand_run_data=>[qw(1 2 3 4 5 6 7 8 9 10 11 12 13 14 15 16 17 18 19 20 21 22 23 24 25)],
#data left_hand_run_frequency=>[0.421,0.264,0.142,0.080,0.043,0.024,0.013,0.006,0.003,0.002,0.001,0.001,0.000,0.000,0.000,0.000,0.000,0.000,0.000,0.000,0.000,0.000,0.000,0.000,0.000],
#data left_hand_run_cumulative=>[0.421,0.685,0.827,0.906,0.949,0.974,0.986,0.993,0.996,0.998,0.999,0.999,1.000,1.000,1.000,1.000,1.000,1.000,1.000,1.000,1.000,1.000,1.000,1.000,1.000],

keyboard right hand run length
------------------------------------------------------------
1                     1480183 60.7  60.7
2                      543223 22.3  82.9
3                      268231 11.0  93.9
4                       93004  3.8  97.7
5                       34058  1.4  99.1
6                       12889  0.5  99.7
7                        5053  0.2  99.9
8                        1820  0.1  99.9
9                         756  0.0 100.0
10                        308  0.0 100.0
11                        123  0.0 100.0
12                         59  0.0 100.0
13                         22  0.0 100.0
14                         16  0.0 100.0
15                          9  0.0 100.0
16                          4  0.0 100.0
22                          2  0.0 100.0
31                          1  0.0 100.0

#data right_hand_run_data=>[qw(1 2 3 4 5 6 7 8 9 10 11 12 13 14 15 16 22 31)],
#data right_hand_run_frequency=>[0.607,0.223,0.110,0.038,0.014,0.005,0.002,0.001,0.000,0.000,0.000,0.000,0.000,0.000,0.000,0.000,0.000,0.000],
#data right_hand_run_cumulative=>[0.607,0.829,0.939,0.977,0.991,0.997,0.999,0.999,1.000,1.000,1.000,1.000,1.000,1.000,1.000,1.000,1.000,1.000],

keyboard hand run length
------------------------------------------------------------
1                     2507576 51.4  51.4
2                     1186111 24.3  75.7
3                      614916 12.6  88.3
4                      287527  5.9  94.2
5                      138664  2.8  97.0
6                       72436  1.5  98.5
7                       35880  0.7  99.3
8                       17564  0.4  99.6
9                        8872  0.2  99.8
10                       4525  0.1  99.9
11                       2537  0.1  99.9
12                       1327  0.0 100.0
13                        733  0.0 100.0
14                        365  0.0 100.0
15                        232  0.0 100.0
16                        128  0.0 100.0
17                         43  0.0 100.0
18                         42  0.0 100.0
19                         19  0.0 100.0
20                         10  0.0 100.0
21                          5  0.0 100.0
22                          7  0.0 100.0
23                          1  0.0 100.0
24                          1  0.0 100.0
25                          2  0.0 100.0
31                          1  0.0 100.0

#data all_hand_run_data=>[qw(1 2 3 4 5 6 7 8 9 10 11 12 13 14 15 16 17 18 19 20 21 22 23 24 25 31)],
#data all_hand_run_frequency=>[0.514,0.243,0.126,0.059,0.028,0.015,0.007,0.004,0.002,0.001,0.001,0.000,0.000,0.000,0.000,0.000,0.000,0.000,0.000,0.000,0.000,0.000,0.000,0.000,0.000,0.000],
#data all_hand_run_cumulative=>[0.514,0.757,0.883,0.942,0.970,0.985,0.993,0.996,0.998,0.999,0.999,1.000,1.000,1.000,1.000,1.000,1.000,1.000,1.000,1.000,1.000,1.000,1.000,1.000,1.000,1.000],

keyboard top row run length
------------------------------------------------------------
1                     1462742 55.0  55.0
2                      618309 23.2  78.2
3                      326941 12.3  90.5
4                      145044  5.5  95.9
5                       60202  2.3  98.2
6                       26909  1.0  99.2
7                       11241  0.4  99.6
8                        5189  0.2  99.8
9                        2308  0.1  99.9
10                       1119  0.0 100.0
11                        496  0.0 100.0
12                        230  0.0 100.0
13                         90  0.0 100.0
14                         41  0.0 100.0
15                         23  0.0 100.0
16                          6  0.0 100.0
17                          5  0.0 100.0
18                          3  0.0 100.0
19                          2  0.0 100.0
20                          1  0.0 100.0
26                          1  0.0 100.0
42                          1  0.0 100.0

#data t_row_run_data=>[qw(1 2 3 4 5 6 7 8 9 10 11 12 13 14 15 16 17 18 19 20 26 42)],
#data t_row_run_frequency=>[0.550,0.232,0.123,0.055,0.023,0.010,0.004,0.002,0.001,0.000,0.000,0.000,0.000,0.000,0.000,0.000,0.000,0.000,0.000,0.000,0.000,0.000],
#data t_row_run_cumulative=>[0.550,0.782,0.905,0.959,0.982,0.992,0.996,0.998,0.999,1.000,1.000,1.000,1.000,1.000,1.000,1.000,1.000,1.000,1.000,1.000,1.000,1.000],

keyboard home row run length
------------------------------------------------------------
1                     1540936 67.6  67.6
2                      541616 23.8  91.4
3                      140152  6.2  97.5
4                       38961  1.7  99.3
5                       12008  0.5  99.8
6                        3684  0.2  99.9
7                        1030  0.0 100.0
8                         222  0.0 100.0
9                          77  0.0 100.0
10                         22  0.0 100.0
11                         10  0.0 100.0
12                          3  0.0 100.0
13                          2  0.0 100.0
15                          1  0.0 100.0

#data h_row_run_data=>[qw(1 2 3 4 5 6 7 8 9 10 11 12 13 15)],
#data h_row_run_frequency=>[0.676,0.238,0.062,0.017,0.005,0.002,0.000,0.000,0.000,0.000,0.000,0.000,0.000,0.000],
#data h_row_run_cumulative=>[0.676,0.914,0.975,0.993,0.998,0.999,1.000,1.000,1.000,1.000,1.000,1.000,1.000,1.000],

keyboard bottom row run length
------------------------------------------------------------
1                     1244566 93.9  93.9
2                       80811  6.1 100.0
3                         369  0.0 100.0
4                          25  0.0 100.0
5                           2  0.0 100.0
10                          4  0.0 100.0

#data b_row_run_data=>[qw(1 2 3 4 5 10)],
#data b_row_run_frequency=>[0.939,0.061,0.000,0.000,0.000,0.000],
#data b_row_run_cumulative=>[0.939,1.000,1.000,1.000,1.000,1.000],

keyboard row run length
------------------------------------------------------------
1                     4248244 67.8  67.8
2                     1240736 19.8  87.6
3                      467462  7.5  95.1
4                      184030  2.9  98.0
5                       72212  1.2  99.2
6                       30593  0.5  99.6
7                       12271  0.2  99.8
8                        5411  0.1  99.9
9                        2385  0.0 100.0
10                       1145  0.0 100.0
11                        506  0.0 100.0
12                        233  0.0 100.0
13                         92  0.0 100.0
14                         41  0.0 100.0
15                         24  0.0 100.0
16                          6  0.0 100.0
17                          5  0.0 100.0
18                          3  0.0 100.0
19                          2  0.0 100.0
20                          1  0.0 100.0
26                          1  0.0 100.0
42                          1  0.0 100.0

#data all_row_run_data=>[qw(1 2 3 4 5 6 7 8 9 10 11 12 13 14 15 16 17 18 19 20 26 42)],
#data all_row_run_frequency=>[0.678,0.198,0.075,0.029,0.012,0.005,0.002,0.001,0.000,0.000,0.000,0.000,0.000,0.000,0.000,0.000,0.000,0.000,0.000,0.000,0.000,0.000],
#data all_row_run_cumulative=>[0.678,0.876,0.951,0.980,0.992,0.996,0.998,0.999,1.000,1.000,1.000,1.000,1.000,1.000,1.000,1.000,1.000,1.000,1.000,1.000,1.000,1.000],

keyboard finger run length
------------------------------------------------------------
1                     7542512 88.6  88.6
2                      885810 10.4  99.0
3                       76634  0.9  99.9
4                        8667  0.1 100.0
5                         938  0.0 100.0
6                         225  0.0 100.0
7                         123  0.0 100.0
8                           6  0.0 100.0
9                           6  0.0 100.0
10                          1  0.0 100.0
11                          3  0.0 100.0
12                          1  0.0 100.0
13                          1  0.0 100.0
20                          1  0.0 100.0

#data finger_run_data=>[qw(1 2 3 4 5 6 7 8 9 10 11 12 13 20)],
#data finger_run_frequency=>[0.886,0.104,0.009,0.001,0.000,0.000,0.000,0.000,0.000,0.000,0.000,0.000,0.000,0.000],
#data finger_run_cumulative=>[0.886,0.990,0.999,1.000,1.000,1.000,1.000,1.000,1.000,1.000,1.000,1.000,1.000,1.000],

keyboard same-hand row jump length
------------------------------------------------------------
1                     4479002 68.1  68.1
2                     1013617 15.4  83.5
3                      678257 10.3  93.8
4                      178933  2.7  96.5
5                      155368  2.4  98.8
6                       36709  0.6  99.4
7                       25366  0.4  99.8
8                        7985  0.1  99.9
9                        4072  0.1 100.0
10                        899  0.0 100.0
11                        645  0.0 100.0
12                        124  0.0 100.0
13                         77  0.0 100.0
14                         14  0.0 100.0
15                         17  0.0 100.0
16                          3  0.0 100.0
17                          3  0.0 100.0
18                          1  0.0 100.0
19                          1  0.0 100.0
26                          1  0.0 100.0

#data row_jump_data=>[qw(1 2 3 4 5 6 7 8 9 10 11 12 13 14 15 16 17 18 19 26)],
#data row_jump_frequency=>[0.681,0.154,0.103,0.027,0.024,0.006,0.004,0.001,0.001,0.000,0.000,0.000,0.000,0.000,0.000,0.000,0.000,0.000,0.000,0.000],
#data row_jump_cumulative=>[0.681,0.835,0.938,0.965,0.988,0.994,0.998,0.999,1.000,1.000,1.000,1.000,1.000,1.000,1.000,1.000,1.000,1.000,1.000,1.000],

corpus character frequency
------------------------------------------------------------
e                     1189270 12.4  12.4
t                      857621  8.9  21.4
a                      772047  8.1  29.4
o                      743158  7.8  37.2
i                      664716  6.9  44.1
n                      659446  6.9  51.0
h                      601534  6.3  57.2
s                      600522  6.3  63.5
r                      551354  5.8  69.3
d                      428936  4.5  73.7
l                      395151  4.1  77.9
u                      278222  2.9  80.8
m                      257890  2.7  83.5
w                      230357  2.4  85.9
c                      228885  2.4  88.2
f                      208786  2.2  90.4
y                      202083  2.1  92.5
g                      192882  2.0  94.5
p                      158583  1.7  96.2
b                      149480  1.6  97.8
v                       91308  1.0  98.7
k                       78419  0.8  99.5
j                       14421  0.2  99.7
x                       14308  0.1  99.8
q                       10285  0.1  99.9
z                        6129  0.1 100.0

#data character_frequency_data=>[qw(e t a o i n h s r d l u m w c f y g p b v k j x q z)],
#data character_frequency_frequency=>[0.124,0.089,0.081,0.078,0.069,0.069,0.063,0.063,0.058,0.045,0.041,0.029,0.027,0.024,0.024,0.022,0.021,0.020,0.017,0.016,0.010,0.008,0.002,0.001,0.001,0.001],
#data character_frequency_cumulative=>[0.124,0.214,0.294,0.372,0.441,0.510,0.572,0.635,0.693,0.737,0.779,0.808,0.835,0.859,0.882,0.904,0.925,0.945,0.962,0.978,0.987,0.995,0.997,0.998,0.999,1.000],

