Keyboard effort
------------------------------------------------------------
k1                      0.843  74.5  74.5
k1,k2                   1.086  21.5  96.0
k1,k2,k3                1.131   4.0 100.0
b                       0.450  23.0  23.0
p                       0.681  34.8 166.1
ph                      0.000   0.0   0.0
pr                      0.203  29.8  29.8
pf                      0.392  57.5  87.3
s                       0.829  42.3 100.0
all                     1.960 100.0 100.0

#data effort_k1=>[0.843,74.512,74.512],
#data effort_k12=>[1.086,21.493,96.005],
#data effort_k123=>[1.131,3.995,100.000],
#data effort_base=>[0.450,22.967,22.967],
#data effort_penalty=>[0.681,34.761,166.069],
#data effort_penalty_hand=>[0.000,0.000,0.000],
#data effort_penalty_row=>[0.203,29.780,29.780],
#data effort_penalty_finger=>[0.392,57.545,87.324],
#data effort_path=>[0.829,42.272,100.000],
#data effort_all=>[1.960,100.000,100.000],

keyboard row frequency
------------------------------------------------------------
1                     2540501 27.8  27.8
2                     5873885 64.2  91.9
3                      736779  8.1 100.0

#data row_data=>[qw(1 2 3)],
#data row_frequency=>[0.278,0.642,0.081],
#data row_cumulative=>[0.278,0.919,1.000],

keyboard hand frequency
------------------------------------------------------------
0                     4396493 48.0  48.0
1                     4754672 52.0 100.0

#data hand_data=>[qw(0 1)],
#data hand_frequency=>[0.480,0.520],
#data hand_cumulative=>[0.480,1.000],

keyboard finger frequency
------------------------------------------------------------
0                      764404  8.4   8.4
1                      805304  8.8  17.2
2                     1009026 11.0  28.2
3                     1817759 19.9  48.0
6                     1915521 20.9  69.0
7                     1758726 19.2  88.2
8                      924551 10.1  98.3
9                      155874  1.7 100.0

#data finger_data=>[qw(0 1 2 3 6 7 8 9)],
#data finger_frequency=>[0.084,0.088,0.110,0.199,0.209,0.192,0.101,0.017],
#data finger_cumulative=>[0.084,0.172,0.282,0.480,0.690,0.882,0.983,1.000],

keyboard left hand run length
------------------------------------------------------------
1                     1362221 54.4  54.4
2                      621138 24.8  79.2
3                      295553 11.8  91.0
4                      125836  5.0  96.0
5                       54347  2.2  98.2
6                       25087  1.0  99.2
7                       11558  0.5  99.6
8                        5016  0.2  99.8
9                        2251  0.1  99.9
10                       1044  0.0 100.0
11                        490  0.0 100.0
12                        222  0.0 100.0
13                        105  0.0 100.0
14                         43  0.0 100.0
15                         21  0.0 100.0
16                         12  0.0 100.0
17                          7  0.0 100.0
18                          3  0.0 100.0
19                          3  0.0 100.0
21                          1  0.0 100.0
22                          2  0.0 100.0
25                          1  0.0 100.0

#data left_hand_run_data=>[qw(1 2 3 4 5 6 7 8 9 10 11 12 13 14 15 16 17 18 19 21 22 25)],
#data left_hand_run_frequency=>[0.544,0.248,0.118,0.050,0.022,0.010,0.005,0.002,0.001,0.000,0.000,0.000,0.000,0.000,0.000,0.000,0.000,0.000,0.000,0.000,0.000,0.000],
#data left_hand_run_cumulative=>[0.544,0.792,0.910,0.960,0.982,0.992,0.996,0.998,0.999,1.000,1.000,1.000,1.000,1.000,1.000,1.000,1.000,1.000,1.000,1.000,1.000,1.000],

keyboard right hand run length
------------------------------------------------------------
1                     1162170 46.4  46.4
2                      713780 28.5  74.9
3                      334656 13.4  88.2
4                      162637  6.5  94.7
5                       75167  3.0  97.7
6                       31483  1.3  99.0
7                       13506  0.5  99.5
8                        6128  0.2  99.8
9                        2783  0.1  99.9
10                       1395  0.1  99.9
11                        697  0.0 100.0
12                        282  0.0 100.0
13                        150  0.0 100.0
14                         66  0.0 100.0
15                         32  0.0 100.0
16                         11  0.0 100.0
17                         10  0.0 100.0
18                          3  0.0 100.0
19                          2  0.0 100.0
20                          2  0.0 100.0
30                          1  0.0 100.0

#data right_hand_run_data=>[qw(1 2 3 4 5 6 7 8 9 10 11 12 13 14 15 16 17 18 19 20 30)],
#data right_hand_run_frequency=>[0.464,0.285,0.134,0.065,0.030,0.013,0.005,0.002,0.001,0.001,0.000,0.000,0.000,0.000,0.000,0.000,0.000,0.000,0.000,0.000,0.000],
#data right_hand_run_cumulative=>[0.464,0.749,0.882,0.947,0.977,0.990,0.995,0.998,0.999,0.999,1.000,1.000,1.000,1.000,1.000,1.000,1.000,1.000,1.000,1.000,1.000],

keyboard hand run length
------------------------------------------------------------
1                     2524391 50.4  50.4
2                     1334918 26.6  77.0
3                      630209 12.6  89.6
4                      288473  5.8  95.4
5                      129514  2.6  98.0
6                       56570  1.1  99.1
7                       25064  0.5  99.6
8                       11144  0.2  99.8
9                        5034  0.1  99.9
10                       2439  0.0 100.0
11                       1187  0.0 100.0
12                        504  0.0 100.0
13                        255  0.0 100.0
14                        109  0.0 100.0
15                         53  0.0 100.0
16                         23  0.0 100.0
17                         17  0.0 100.0
18                          6  0.0 100.0
19                          5  0.0 100.0
20                          2  0.0 100.0
21                          1  0.0 100.0
22                          2  0.0 100.0
25                          1  0.0 100.0
30                          1  0.0 100.0

#data all_hand_run_data=>[qw(1 2 3 4 5 6 7 8 9 10 11 12 13 14 15 16 17 18 19 20 21 22 25 30)],
#data all_hand_run_frequency=>[0.504,0.266,0.126,0.058,0.026,0.011,0.005,0.002,0.001,0.000,0.000,0.000,0.000,0.000,0.000,0.000,0.000,0.000,0.000,0.000,0.000,0.000,0.000,0.000],
#data all_hand_run_cumulative=>[0.504,0.770,0.896,0.954,0.980,0.991,0.996,0.998,0.999,1.000,1.000,1.000,1.000,1.000,1.000,1.000,1.000,1.000,1.000,1.000,1.000,1.000,1.000,1.000],

keyboard top row run length
------------------------------------------------------------
1                     1417509 73.6  73.6
2                      353693 18.4  91.9
3                      112811  5.9  97.8
4                       29677  1.5  99.3
5                        9579  0.5  99.8
6                        2840  0.1  99.9
7                         818  0.0 100.0
8                         238  0.0 100.0
9                          69  0.0 100.0
10                         22  0.0 100.0
11                          3  0.0 100.0
12                          3  0.0 100.0
13                          1  0.0 100.0
14                          1  0.0 100.0

#data t_row_run_data=>[qw(1 2 3 4 5 6 7 8 9 10 11 12 13 14)],
#data t_row_run_frequency=>[0.736,0.184,0.059,0.015,0.005,0.001,0.000,0.000,0.000,0.000,0.000,0.000,0.000,0.000],
#data t_row_run_cumulative=>[0.736,0.919,0.978,0.993,0.998,0.999,1.000,1.000,1.000,1.000,1.000,1.000,1.000,1.000],

keyboard home row run length
------------------------------------------------------------
1                      765647 34.1  34.1
2                      539014 24.0  58.1
3                      366447 16.3  74.4
4                      216077  9.6  84.0
5                      140540  6.3  90.2
6                       86444  3.8  94.1
7                       52295  2.3  96.4
8                       31684  1.4  97.8
9                       19239  0.9  98.7
10                      11509  0.5  99.2
11                       7078  0.3  99.5
12                       4318  0.2  99.7
13                       2711  0.1  99.8
14                       1610  0.1  99.9
15                        978  0.0  99.9
16                        669  0.0 100.0
17                        373  0.0 100.0
18                        243  0.0 100.0
19                        136  0.0 100.0
20                         97  0.0 100.0
21                         54  0.0 100.0
22                         36  0.0 100.0
23                         28  0.0 100.0
24                          9  0.0 100.0
25                          8  0.0 100.0
26                          7  0.0 100.0
32                          3  0.0 100.0
34                          1  0.0 100.0

#data h_row_run_data=>[qw(1 2 3 4 5 6 7 8 9 10 11 12 13 14 15 16 17 18 19 20 21 22 23 24 25 26 32 34)],
#data h_row_run_frequency=>[0.341,0.240,0.163,0.096,0.063,0.038,0.023,0.014,0.009,0.005,0.003,0.002,0.001,0.001,0.000,0.000,0.000,0.000,0.000,0.000,0.000,0.000,0.000,0.000,0.000,0.000,0.000,0.000],
#data h_row_run_cumulative=>[0.341,0.581,0.744,0.840,0.902,0.941,0.964,0.978,0.987,0.992,0.995,0.997,0.998,0.999,0.999,1.000,1.000,1.000,1.000,1.000,1.000,1.000,1.000,1.000,1.000,1.000,1.000,1.000],

keyboard bottom row run length
------------------------------------------------------------
1                      709463 96.4  96.4
2                       26160  3.6 100.0
3                         176  0.0 100.0
4                          16  0.0 100.0
5                           2  0.0 100.0
9                           4  0.0 100.0

#data b_row_run_data=>[qw(1 2 3 4 5 9)],
#data b_row_run_frequency=>[0.964,0.036,0.000,0.000,0.000,0.000],
#data b_row_run_cumulative=>[0.964,1.000,1.000,1.000,1.000,1.000],

keyboard row run length
------------------------------------------------------------
1                     2892619 58.9  58.9
2                      918867 18.7  77.6
3                      479434  9.8  87.4
4                      245770  5.0  92.4
5                      150121  3.1  95.4
6                       89284  1.8  97.3
7                       53113  1.1  98.3
8                       31922  0.7  99.0
9                       19312  0.4  99.4
10                      11531  0.2  99.6
11                       7081  0.1  99.8
12                       4321  0.1  99.9
13                       2712  0.1  99.9
14                       1611  0.0  99.9
15                        978  0.0 100.0
16                        669  0.0 100.0
17                        373  0.0 100.0
18                        243  0.0 100.0
19                        136  0.0 100.0
20                         97  0.0 100.0
21                         54  0.0 100.0
22                         36  0.0 100.0
23                         28  0.0 100.0
24                          9  0.0 100.0
25                          8  0.0 100.0
26                          7  0.0 100.0
32                          3  0.0 100.0
34                          1  0.0 100.0

#data all_row_run_data=>[qw(1 2 3 4 5 6 7 8 9 10 11 12 13 14 15 16 17 18 19 20 21 22 23 24 25 26 32 34)],
#data all_row_run_frequency=>[0.589,0.187,0.098,0.050,0.031,0.018,0.011,0.007,0.004,0.002,0.001,0.001,0.001,0.000,0.000,0.000,0.000,0.000,0.000,0.000,0.000,0.000,0.000,0.000,0.000,0.000,0.000,0.000],
#data all_row_run_cumulative=>[0.589,0.776,0.874,0.924,0.954,0.973,0.983,0.990,0.994,0.996,0.998,0.999,0.999,0.999,1.000,1.000,1.000,1.000,1.000,1.000,1.000,1.000,1.000,1.000,1.000,1.000,1.000,1.000],

keyboard finger run length
------------------------------------------------------------
1                     7937607 91.0  91.0
2                      720120  8.3  99.2
3                       63280  0.7  99.9
4                        3965  0.0 100.0
5                         354  0.0 100.0
6                          34  0.0 100.0
7                           8  0.0 100.0
8                           6  0.0 100.0
9                           7  0.0 100.0
10                          1  0.0 100.0
11                          3  0.0 100.0
12                          2  0.0 100.0
18                          1  0.0 100.0
20                          1  0.0 100.0

#data finger_run_data=>[qw(1 2 3 4 5 6 7 8 9 10 11 12 18 20)],
#data finger_run_frequency=>[0.910,0.083,0.007,0.000,0.000,0.000,0.000,0.000,0.000,0.000,0.000,0.000,0.000,0.000],
#data finger_run_cumulative=>[0.910,0.992,0.999,1.000,1.000,1.000,1.000,1.000,1.000,1.000,1.000,1.000,1.000,1.000],

keyboard same-hand row jump length
------------------------------------------------------------
1                     5398020 75.4  75.4
2                     1207803 16.9  92.3
3                      367062  5.1  97.4
4                      117113  1.6  99.0
5                       41373  0.6  99.6
6                       16966  0.2  99.8
7                        6639  0.1  99.9
8                        2821  0.0 100.0
9                        1430  0.0 100.0
10                        547  0.0 100.0
11                        283  0.0 100.0
12                        139  0.0 100.0
13                         49  0.0 100.0
14                         16  0.0 100.0
15                         15  0.0 100.0
16                          4  0.0 100.0
17                          3  0.0 100.0
19                          1  0.0 100.0
21                          1  0.0 100.0
24                          1  0.0 100.0

#data row_jump_data=>[qw(1 2 3 4 5 6 7 8 9 10 11 12 13 14 15 16 17 19 21 24)],
#data row_jump_frequency=>[0.754,0.169,0.051,0.016,0.006,0.002,0.001,0.000,0.000,0.000,0.000,0.000,0.000,0.000,0.000,0.000,0.000,0.000,0.000,0.000],
#data row_jump_cumulative=>[0.754,0.923,0.974,0.990,0.996,0.998,0.999,1.000,1.000,1.000,1.000,1.000,1.000,1.000,1.000,1.000,1.000,1.000,1.000,1.000],

corpus character frequency
------------------------------------------------------------
e                     1189270 12.4  12.4
t                      857621  8.9  21.4
a                      772047  8.1  29.4
o                      743158  7.8  37.2
i                      664716  6.9  44.1
n                      659446  6.9  51.0
h                      601534  6.3  57.2
s                      600522  6.3  63.5
r                      551354  5.8  69.3
d                      428936  4.5  73.7
l                      395151  4.1  77.9
u                      278222  2.9  80.8
m                      257890  2.7  83.5
w                      230357  2.4  85.9
c                      228885  2.4  88.2
f                      208786  2.2  90.4
y                      202083  2.1  92.5
g                      192882  2.0  94.5
p                      158583  1.7  96.2
b                      149480  1.6  97.8
v                       91308  1.0  98.7
k                       78419  0.8  99.5
j                       14421  0.2  99.7
x                       14308  0.1  99.8
q                       10285  0.1  99.9
z                        6129  0.1 100.0

#data character_frequency_data=>[qw(e t a o i n h s r d l u m w c f y g p b v k j x q z)],
#data character_frequency_frequency=>[0.124,0.089,0.081,0.078,0.069,0.069,0.063,0.063,0.058,0.045,0.041,0.029,0.027,0.024,0.024,0.022,0.021,0.020,0.017,0.016,0.010,0.008,0.002,0.001,0.001,0.001],
#data character_frequency_cumulative=>[0.124,0.214,0.294,0.372,0.441,0.510,0.572,0.635,0.693,0.737,0.779,0.808,0.835,0.859,0.882,0.904,0.925,0.945,0.962,0.978,0.987,0.995,0.997,0.998,0.999,1.000],

