Keyboard effort
------------------------------------------------------------
k1                      1.999  48.1  48.1
k1,k2                   3.462  35.2  83.4
k1,k2,k3                4.153  16.6 100.0
b                       1.511  27.5  27.5
p                       2.642  48.1 157.2
ph                      0.000   0.0   0.0
pr                      0.754  28.5  28.5
pf                      1.117  42.3  70.8
s                       1.342  24.4 100.0
all                     5.495 100.0 100.0

#data effort_k1=>[1.999,48.143,48.143],
#data effort_k12=>[3.462,35.228,83.370],
#data effort_k123=>[4.153,16.630,100.000],
#data effort_base=>[1.511,27.498,27.498],
#data effort_penalty=>[2.642,48.076,157.198],
#data effort_penalty_hand=>[0.000,0.000,0.000],
#data effort_penalty_row=>[0.754,28.535,28.535],
#data effort_penalty_finger=>[1.117,42.280,70.815],
#data effort_path=>[1.342,24.426,100.000],
#data effort_all=>[5.495,100.000,100.000],

keyboard row frequency
------------------------------------------------------------
1                     3963407 43.3  43.3
2                     1111753 12.1  55.5
3                     4076005 44.5 100.0

#data row_data=>[qw(1 2 3)],
#data row_frequency=>[0.433,0.121,0.445],
#data row_cumulative=>[0.433,0.555,1.000],

keyboard hand frequency
------------------------------------------------------------
0                     6738213 73.6  73.6
1                     2412952 26.4 100.0

#data hand_data=>[qw(0 1)],
#data hand_frequency=>[0.736,0.264],
#data hand_cumulative=>[0.736,1.000],

keyboard finger frequency
------------------------------------------------------------
0                     2505322 27.4  27.4
1                     1407212 15.4  42.8
2                      640051  7.0  49.7
3                     2185628 23.9  73.6
6                     1292492 14.1  87.8
7                      205952  2.3  90.0
8                      335152  3.7  93.7
9                      579356  6.3 100.0

#data finger_data=>[qw(0 1 2 3 6 7 8 9)],
#data finger_frequency=>[0.274,0.154,0.070,0.239,0.141,0.023,0.037,0.063],
#data finger_cumulative=>[0.274,0.428,0.497,0.736,0.878,0.900,0.937,1.000],

keyboard left hand run length
------------------------------------------------------------
1                      679308 33.2  33.2
2                      349807 17.1  50.4
3                      277754 13.6  64.0
4                      203348 10.0  73.9
5                      146170  7.2  81.1
6                      108343  5.3  86.4
7                       78889  3.9  90.2
8                       56174  2.7  93.0
9                       40158  2.0  94.9
10                      29216  1.4  96.4
11                      20931  1.0  97.4
12                      15096  0.7  98.1
13                      10938  0.5  98.7
14                       7735  0.4  99.0
15                       5473  0.3  99.3
16                       3916  0.2  99.5
17                       2922  0.1  99.6
18                       2039  0.1  99.7
19                       1453  0.1  99.8
20                       1084  0.1  99.9
21                        793  0.0  99.9
22                        537  0.0  99.9
23                        396  0.0  99.9
24                        296  0.0 100.0
25                        199  0.0 100.0
26                        144  0.0 100.0
27                        110  0.0 100.0
28                         93  0.0 100.0
29                         59  0.0 100.0
30                         45  0.0 100.0
31                         42  0.0 100.0
32                         13  0.0 100.0
33                         13  0.0 100.0
34                         16  0.0 100.0
35                         12  0.0 100.0
36                          6  0.0 100.0
37                          4  0.0 100.0
38                          3  0.0 100.0
39                          5  0.0 100.0
40                          2  0.0 100.0
41                          2  0.0 100.0
44                          2  0.0 100.0
47                          1  0.0 100.0
53                          1  0.0 100.0

#data left_hand_run_data=>[qw(1 2 3 4 5 6 7 8 9 10 11 12 13 14 15 16 17 18 19 20 21 22 23 24 25 26 27 28 29 30 31 32 33 34 35 36 37 38 39 40 41 44 47 53)],
#data left_hand_run_frequency=>[0.332,0.171,0.136,0.100,0.072,0.053,0.039,0.027,0.020,0.014,0.010,0.007,0.005,0.004,0.003,0.002,0.001,0.001,0.001,0.001,0.000,0.000,0.000,0.000,0.000,0.000,0.000,0.000,0.000,0.000,0.000,0.000,0.000,0.000,0.000,0.000,0.000,0.000,0.000,0.000,0.000,0.000,0.000,0.000],
#data left_hand_run_cumulative=>[0.332,0.504,0.640,0.739,0.811,0.864,0.902,0.930,0.949,0.964,0.974,0.981,0.987,0.990,0.993,0.995,0.996,0.997,0.998,0.999,0.999,0.999,0.999,1.000,1.000,1.000,1.000,1.000,1.000,1.000,1.000,1.000,1.000,1.000,1.000,1.000,1.000,1.000,1.000,1.000,1.000,1.000,1.000,1.000],

keyboard right hand run length
------------------------------------------------------------
1                     1657497 81.1  81.1
2                      316970 15.5  96.6
3                       55667  2.7  99.3
4                       10911  0.5  99.9
5                        1707  0.1 100.0
6                         613  0.0 100.0
7                         148  0.0 100.0
8                          20  0.0 100.0
9                           2  0.0 100.0
10                          5  0.0 100.0
11                          3  0.0 100.0
14                          2  0.0 100.0
15                          1  0.0 100.0
19                          1  0.0 100.0

#data right_hand_run_data=>[qw(1 2 3 4 5 6 7 8 9 10 11 14 15 19)],
#data right_hand_run_frequency=>[0.811,0.155,0.027,0.005,0.001,0.000,0.000,0.000,0.000,0.000,0.000,0.000,0.000,0.000],
#data right_hand_run_cumulative=>[0.811,0.966,0.993,0.999,1.000,1.000,1.000,1.000,1.000,1.000,1.000,1.000,1.000,1.000],

keyboard hand run length
------------------------------------------------------------
1                     2336805 57.2  57.2
2                      666777 16.3  73.5
3                      333421  8.2  81.6
4                      214259  5.2  86.9
5                      147877  3.6  90.5
6                      108956  2.7  93.2
7                       79037  1.9  95.1
8                       56194  1.4  96.5
9                       40160  1.0  97.5
10                      29221  0.7  98.2
11                      20934  0.5  98.7
12                      15096  0.4  99.1
13                      10938  0.3  99.3
14                       7737  0.2  99.5
15                       5474  0.1  99.7
16                       3916  0.1  99.7
17                       2922  0.1  99.8
18                       2039  0.0  99.9
19                       1454  0.0  99.9
20                       1084  0.0  99.9
21                        793  0.0 100.0
22                        537  0.0 100.0
23                        396  0.0 100.0
24                        296  0.0 100.0
25                        199  0.0 100.0
26                        144  0.0 100.0
27                        110  0.0 100.0
28                         93  0.0 100.0
29                         59  0.0 100.0
30                         45  0.0 100.0
31                         42  0.0 100.0
32                         13  0.0 100.0
33                         13  0.0 100.0
34                         16  0.0 100.0
35                         12  0.0 100.0
36                          6  0.0 100.0
37                          4  0.0 100.0
38                          3  0.0 100.0
39                          5  0.0 100.0
40                          2  0.0 100.0
41                          2  0.0 100.0
44                          2  0.0 100.0
47                          1  0.0 100.0
53                          1  0.0 100.0

#data all_hand_run_data=>[qw(1 2 3 4 5 6 7 8 9 10 11 12 13 14 15 16 17 18 19 20 21 22 23 24 25 26 27 28 29 30 31 32 33 34 35 36 37 38 39 40 41 44 47 53)],
#data all_hand_run_frequency=>[0.572,0.163,0.082,0.052,0.036,0.027,0.019,0.014,0.010,0.007,0.005,0.004,0.003,0.002,0.001,0.001,0.001,0.000,0.000,0.000,0.000,0.000,0.000,0.000,0.000,0.000,0.000,0.000,0.000,0.000,0.000,0.000,0.000,0.000,0.000,0.000,0.000,0.000,0.000,0.000,0.000,0.000,0.000,0.000],
#data all_hand_run_cumulative=>[0.572,0.735,0.816,0.869,0.905,0.932,0.951,0.965,0.975,0.982,0.987,0.991,0.993,0.995,0.997,0.997,0.998,0.999,0.999,0.999,1.000,1.000,1.000,1.000,1.000,1.000,1.000,1.000,1.000,1.000,1.000,1.000,1.000,1.000,1.000,1.000,1.000,1.000,1.000,1.000,1.000,1.000,1.000,1.000],

keyboard top row run length
------------------------------------------------------------
1                     1855092 64.9  64.9
2                      755067 26.4  91.3
3                      215446  7.5  98.9
4                       30257  1.1  99.9
5                        1465  0.1 100.0
6                          77  0.0 100.0
7                           4  0.0 100.0
8                           3  0.0 100.0
17                          1  0.0 100.0
18                          2  0.0 100.0
19                          1  0.0 100.0

#data t_row_run_data=>[qw(1 2 3 4 5 6 7 8 17 18 19)],
#data t_row_run_frequency=>[0.649,0.264,0.075,0.011,0.001,0.000,0.000,0.000,0.000,0.000,0.000],
#data t_row_run_cumulative=>[0.649,0.913,0.989,0.999,1.000,1.000,1.000,1.000,1.000,1.000,1.000],

keyboard home row run length
------------------------------------------------------------
1                      933464 89.1  89.1
2                      110393 10.5  99.6
3                        3984  0.4 100.0
4                         146  0.0 100.0
5                           5  0.0 100.0
6                           1  0.0 100.0
10                          4  0.0 100.0

#data h_row_run_data=>[qw(1 2 3 4 5 6 10)],
#data h_row_run_frequency=>[0.891,0.105,0.004,0.000,0.000,0.000,0.000],
#data h_row_run_cumulative=>[0.891,0.996,1.000,1.000,1.000,1.000,1.000],

keyboard bottom row run length
------------------------------------------------------------
1                     2342458 74.4  74.4
2                      584834 18.6  93.0
3                      149130  4.7  97.7
4                       53761  1.7  99.4
5                       13282  0.4  99.8
6                        4051  0.1  99.9
7                        1222  0.0 100.0
8                         353  0.0 100.0
9                         113  0.0 100.0
10                         35  0.0 100.0
11                         19  0.0 100.0
12                          5  0.0 100.0
13                          6  0.0 100.0
14                          1  0.0 100.0
15                          1  0.0 100.0
16                          1  0.0 100.0
20                          1  0.0 100.0

#data b_row_run_data=>[qw(1 2 3 4 5 6 7 8 9 10 11 12 13 14 15 16 20)],
#data b_row_run_frequency=>[0.744,0.186,0.047,0.017,0.004,0.001,0.000,0.000,0.000,0.000,0.000,0.000,0.000,0.000,0.000,0.000,0.000],
#data b_row_run_cumulative=>[0.744,0.930,0.977,0.994,0.998,0.999,1.000,1.000,1.000,1.000,1.000,1.000,1.000,1.000,1.000,1.000,1.000],

keyboard row run length
------------------------------------------------------------
1                     5131014 72.7  72.7
2                     1450294 20.6  93.3
3                      368560  5.2  98.5
4                       84164  1.2  99.7
5                       14752  0.2  99.9
6                        4129  0.1 100.0
7                        1226  0.0 100.0
8                         356  0.0 100.0
9                         113  0.0 100.0
10                         39  0.0 100.0
11                         19  0.0 100.0
12                          5  0.0 100.0
13                          6  0.0 100.0
14                          1  0.0 100.0
15                          1  0.0 100.0
16                          1  0.0 100.0
17                          1  0.0 100.0
18                          2  0.0 100.0
19                          1  0.0 100.0
20                          1  0.0 100.0

#data all_row_run_data=>[qw(1 2 3 4 5 6 7 8 9 10 11 12 13 14 15 16 17 18 19 20)],
#data all_row_run_frequency=>[0.727,0.206,0.052,0.012,0.002,0.001,0.000,0.000,0.000,0.000,0.000,0.000,0.000,0.000,0.000,0.000,0.000,0.000,0.000,0.000],
#data all_row_run_cumulative=>[0.727,0.933,0.985,0.997,0.999,1.000,1.000,1.000,1.000,1.000,1.000,1.000,1.000,1.000,1.000,1.000,1.000,1.000,1.000,1.000],

keyboard finger run length
------------------------------------------------------------
1                     6616814 83.5  83.5
2                     1035060 13.1  96.5
3                      219779  2.8  99.3
4                       46765  0.6  99.9
5                        8172  0.1 100.0
6                        1480  0.0 100.0
7                         276  0.0 100.0
8                          58  0.0 100.0
9                          17  0.0 100.0
10                          4  0.0 100.0
11                          4  0.0 100.0
12                          3  0.0 100.0
14                          1  0.0 100.0
18                          1  0.0 100.0
21                          1  0.0 100.0

#data finger_run_data=>[qw(1 2 3 4 5 6 7 8 9 10 11 12 14 18 21)],
#data finger_run_frequency=>[0.835,0.131,0.028,0.006,0.001,0.000,0.000,0.000,0.000,0.000,0.000,0.000,0.000,0.000,0.000],
#data finger_run_cumulative=>[0.835,0.965,0.993,0.999,1.000,1.000,1.000,1.000,1.000,1.000,1.000,1.000,1.000,1.000,1.000],

keyboard same-hand row jump length
------------------------------------------------------------
1                     3573969 64.6  64.6
2                      257389  4.7  69.3
3                      815417 14.7  84.0
4                       97763  1.8  85.8
5                      377482  6.8  92.6
6                       52409  0.9  93.6
7                      165453  3.0  96.6
8                       21483  0.4  97.0
9                       80654  1.5  98.4
10                       9781  0.2  98.6
11                      37422  0.7  99.3
12                       4234  0.1  99.3
13                      17564  0.3  99.7
14                       2129  0.0  99.7
15                       7796  0.1  99.8
16                        959  0.0  99.9
17                       3788  0.1  99.9
18                        414  0.0  99.9
19                       1628  0.0 100.0
20                        190  0.0 100.0
21                        783  0.0 100.0
22                        106  0.0 100.0
23                        361  0.0 100.0
24                         39  0.0 100.0
25                        148  0.0 100.0
26                         19  0.0 100.0
27                         71  0.0 100.0
28                          7  0.0 100.0
29                         32  0.0 100.0
30                          7  0.0 100.0
31                         15  0.0 100.0
32                          2  0.0 100.0
33                          7  0.0 100.0
34                          2  0.0 100.0
35                          4  0.0 100.0
36                          1  0.0 100.0
37                          2  0.0 100.0
38                          1  0.0 100.0
39                          4  0.0 100.0
41                          1  0.0 100.0
42                          1  0.0 100.0
49                          1  0.0 100.0

#data row_jump_data=>[qw(1 2 3 4 5 6 7 8 9 10 11 12 13 14 15 16 17 18 19 20 21 22 23 24 25 26 27 28 29 30 31 32 33 34 35 36 37 38 39 41 42 49)],
#data row_jump_frequency=>[0.646,0.047,0.147,0.018,0.068,0.009,0.030,0.004,0.015,0.002,0.007,0.001,0.003,0.000,0.001,0.000,0.001,0.000,0.000,0.000,0.000,0.000,0.000,0.000,0.000,0.000,0.000,0.000,0.000,0.000,0.000,0.000,0.000,0.000,0.000,0.000,0.000,0.000,0.000,0.000,0.000,0.000],
#data row_jump_cumulative=>[0.646,0.693,0.840,0.858,0.926,0.936,0.966,0.970,0.984,0.986,0.993,0.993,0.997,0.997,0.998,0.999,0.999,0.999,1.000,1.000,1.000,1.000,1.000,1.000,1.000,1.000,1.000,1.000,1.000,1.000,1.000,1.000,1.000,1.000,1.000,1.000,1.000,1.000,1.000,1.000,1.000,1.000],

corpus character frequency
------------------------------------------------------------
e                     1189270 12.4  12.4
t                      857621  8.9  21.4
a                      772047  8.1  29.4
o                      743158  7.8  37.2
i                      664716  6.9  44.1
n                      659446  6.9  51.0
h                      601534  6.3  57.2
s                      600522  6.3  63.5
r                      551354  5.8  69.3
d                      428936  4.5  73.7
l                      395151  4.1  77.9
u                      278222  2.9  80.8
m                      257890  2.7  83.5
w                      230357  2.4  85.9
c                      228885  2.4  88.2
f                      208786  2.2  90.4
y                      202083  2.1  92.5
g                      192882  2.0  94.5
p                      158583  1.7  96.2
b                      149480  1.6  97.8
v                       91308  1.0  98.7
k                       78419  0.8  99.5
j                       14421  0.2  99.7
x                       14308  0.1  99.8
q                       10285  0.1  99.9
z                        6129  0.1 100.0

#data character_frequency_data=>[qw(e t a o i n h s r d l u m w c f y g p b v k j x q z)],
#data character_frequency_frequency=>[0.124,0.089,0.081,0.078,0.069,0.069,0.063,0.063,0.058,0.045,0.041,0.029,0.027,0.024,0.024,0.022,0.021,0.020,0.017,0.016,0.010,0.008,0.002,0.001,0.001,0.001],
#data character_frequency_cumulative=>[0.124,0.214,0.294,0.372,0.441,0.510,0.572,0.635,0.693,0.737,0.779,0.808,0.835,0.859,0.882,0.904,0.925,0.945,0.962,0.978,0.987,0.995,0.997,0.998,0.999,1.000],

