Keyboard effort
------------------------------------------------------------
k1                      2.013  47.4  47.4
k1,k2                   3.520  35.5  82.9
k1,k2,k3                4.244  17.1 100.0
b                       1.440  25.7  25.7
p                       2.804  50.0 151.3
ph                      0.000   0.0   0.0
pr                      0.749  26.7  26.7
pf                      1.230  43.8  70.6
s                       1.367  24.4 100.0
all                     5.610 100.0 100.0

#data effort_k1=>[2.013,47.442,47.442],
#data effort_k12=>[3.520,35.493,82.935],
#data effort_k123=>[4.244,17.065,100.000],
#data effort_base=>[1.440,25.661,25.661],
#data effort_penalty=>[2.804,49.982,151.340],
#data effort_penalty_hand=>[0.000,0.000,0.000],
#data effort_penalty_row=>[0.749,26.722,26.722],
#data effort_penalty_finger=>[1.230,43.849,70.571],
#data effort_path=>[1.367,24.358,100.000],
#data effort_all=>[5.610,100.000,100.000],

keyboard row frequency
------------------------------------------------------------
1                     3918699 42.8  42.8
2                     1156461 12.6  55.5
3                     4076005 44.5 100.0

#data row_data=>[qw(1 2 3)],
#data row_frequency=>[0.428,0.126,0.445],
#data row_cumulative=>[0.428,0.555,1.000],

keyboard hand frequency
------------------------------------------------------------
0                     6888838 75.3  75.3
1                     2262327 24.7 100.0

#data hand_data=>[qw(0 1)],
#data hand_frequency=>[0.753,0.247],
#data hand_cumulative=>[0.753,1.000],

keyboard finger frequency
------------------------------------------------------------
0                     2505322 27.4  27.4
1                     1552220 17.0  44.3
2                      639323  7.0  51.3
3                     2191973 24.0  75.3
6                      908657  9.9  85.2
7                      161244  1.8  87.0
8                      613070  6.7  93.7
9                      579356  6.3 100.0

#data finger_data=>[qw(0 1 2 3 6 7 8 9)],
#data finger_frequency=>[0.274,0.170,0.070,0.240,0.099,0.018,0.067,0.063],
#data finger_cumulative=>[0.274,0.443,0.513,0.753,0.852,0.870,0.937,1.000],

keyboard left hand run length
------------------------------------------------------------
1                      569606 29.5  29.5
2                      337430 17.5  47.0
3                      257108 13.3  60.3
4                      195374 10.1  70.5
5                      146694  7.6  78.1
6                      113288  5.9  83.9
7                       82870  4.3  88.2
8                       60453  3.1  91.4
9                       44614  2.3  93.7
10                      32675  1.7  95.4
11                      24006  1.2  96.6
12                      17738  0.9  97.5
13                      12799  0.7  98.2
14                       9291  0.5  98.7
15                       6779  0.4  99.0
16                       5069  0.3  99.3
17                       3692  0.2  99.5
18                       2642  0.1  99.6
19                       1903  0.1  99.7
20                       1474  0.1  99.8
21                       1074  0.1  99.8
22                        774  0.0  99.9
23                        545  0.0  99.9
24                        421  0.0  99.9
25                        323  0.0 100.0
26                        195  0.0 100.0
27                        177  0.0 100.0
28                        113  0.0 100.0
29                         86  0.0 100.0
30                         65  0.0 100.0
31                         47  0.0 100.0
32                         31  0.0 100.0
33                         33  0.0 100.0
34                         25  0.0 100.0
35                         11  0.0 100.0
36                         17  0.0 100.0
37                         11  0.0 100.0
38                          6  0.0 100.0
39                          4  0.0 100.0
40                          5  0.0 100.0
41                          5  0.0 100.0
42                          5  0.0 100.0
43                          3  0.0 100.0
44                          2  0.0 100.0
45                          1  0.0 100.0
47                          1  0.0 100.0
55                          1  0.0 100.0

#data left_hand_run_data=>[qw(1 2 3 4 5 6 7 8 9 10 11 12 13 14 15 16 17 18 19 20 21 22 23 24 25 26 27 28 29 30 31 32 33 34 35 36 37 38 39 40 41 42 43 44 45 47 55)],
#data left_hand_run_frequency=>[0.295,0.175,0.133,0.101,0.076,0.059,0.043,0.031,0.023,0.017,0.012,0.009,0.007,0.005,0.004,0.003,0.002,0.001,0.001,0.001,0.001,0.000,0.000,0.000,0.000,0.000,0.000,0.000,0.000,0.000,0.000,0.000,0.000,0.000,0.000,0.000,0.000,0.000,0.000,0.000,0.000,0.000,0.000,0.000,0.000,0.000,0.000],
#data left_hand_run_cumulative=>[0.295,0.470,0.603,0.705,0.781,0.839,0.882,0.914,0.937,0.954,0.966,0.975,0.982,0.987,0.990,0.993,0.995,0.996,0.997,0.998,0.998,0.999,0.999,0.999,1.000,1.000,1.000,1.000,1.000,1.000,1.000,1.000,1.000,1.000,1.000,1.000,1.000,1.000,1.000,1.000,1.000,1.000,1.000,1.000,1.000,1.000,1.000],

keyboard right hand run length
------------------------------------------------------------
1                     1582854 82.0  82.0
2                      282772 14.7  96.7
3                       51436  2.7  99.4
4                        9621  0.5  99.9
5                        2046  0.1 100.0
6                         522  0.0 100.0
7                         177  0.0 100.0
8                          34  0.0 100.0
9                          17  0.0 100.0
10                          3  0.0 100.0
11                          2  0.0 100.0
14                          1  0.0 100.0

#data right_hand_run_data=>[qw(1 2 3 4 5 6 7 8 9 10 11 14)],
#data right_hand_run_frequency=>[0.820,0.147,0.027,0.005,0.001,0.000,0.000,0.000,0.000,0.000,0.000,0.000],
#data right_hand_run_cumulative=>[0.820,0.967,0.994,0.999,1.000,1.000,1.000,1.000,1.000,1.000,1.000,1.000],

keyboard hand run length
------------------------------------------------------------
1                     2152460 55.8  55.8
2                      620202 16.1  71.8
3                      308544  8.0  79.8
4                      204995  5.3  85.2
5                      148740  3.9  89.0
6                      113810  2.9  92.0
7                       83047  2.2  94.1
8                       60487  1.6  95.7
9                       44631  1.2  96.8
10                      32678  0.8  97.7
11                      24008  0.6  98.3
12                      17738  0.5  98.8
13                      12799  0.3  99.1
14                       9292  0.2  99.3
15                       6779  0.2  99.5
16                       5069  0.1  99.6
17                       3692  0.1  99.7
18                       2642  0.1  99.8
19                       1903  0.0  99.9
20                       1474  0.0  99.9
21                       1074  0.0  99.9
22                        774  0.0  99.9
23                        545  0.0 100.0
24                        421  0.0 100.0
25                        323  0.0 100.0
26                        195  0.0 100.0
27                        177  0.0 100.0
28                        113  0.0 100.0
29                         86  0.0 100.0
30                         65  0.0 100.0
31                         47  0.0 100.0
32                         31  0.0 100.0
33                         33  0.0 100.0
34                         25  0.0 100.0
35                         11  0.0 100.0
36                         17  0.0 100.0
37                         11  0.0 100.0
38                          6  0.0 100.0
39                          4  0.0 100.0
40                          5  0.0 100.0
41                          5  0.0 100.0
42                          5  0.0 100.0
43                          3  0.0 100.0
44                          2  0.0 100.0
45                          1  0.0 100.0
47                          1  0.0 100.0
55                          1  0.0 100.0

#data all_hand_run_data=>[qw(1 2 3 4 5 6 7 8 9 10 11 12 13 14 15 16 17 18 19 20 21 22 23 24 25 26 27 28 29 30 31 32 33 34 35 36 37 38 39 40 41 42 43 44 45 47 55)],
#data all_hand_run_frequency=>[0.558,0.161,0.080,0.053,0.039,0.029,0.022,0.016,0.012,0.008,0.006,0.005,0.003,0.002,0.002,0.001,0.001,0.001,0.000,0.000,0.000,0.000,0.000,0.000,0.000,0.000,0.000,0.000,0.000,0.000,0.000,0.000,0.000,0.000,0.000,0.000,0.000,0.000,0.000,0.000,0.000,0.000,0.000,0.000,0.000,0.000,0.000],
#data all_hand_run_cumulative=>[0.558,0.718,0.798,0.852,0.890,0.920,0.941,0.957,0.968,0.977,0.983,0.988,0.991,0.993,0.995,0.996,0.997,0.998,0.999,0.999,0.999,0.999,1.000,1.000,1.000,1.000,1.000,1.000,1.000,1.000,1.000,1.000,1.000,1.000,1.000,1.000,1.000,1.000,1.000,1.000,1.000,1.000,1.000,1.000,1.000,1.000,1.000],

keyboard top row run length
------------------------------------------------------------
1                     1850100 65.1  65.1
2                      762289 26.8  92.0
3                      197057  6.9  98.9
4                       29065  1.0  99.9
5                        1479  0.1 100.0
6                          82  0.0 100.0
7                          13  0.0 100.0
8                          14  0.0 100.0
9                           2  0.0 100.0
11                          1  0.0 100.0
17                          1  0.0 100.0
18                          2  0.0 100.0
19                          1  0.0 100.0

#data t_row_run_data=>[qw(1 2 3 4 5 6 7 8 9 11 17 18 19)],
#data t_row_run_frequency=>[0.651,0.268,0.069,0.010,0.001,0.000,0.000,0.000,0.000,0.000,0.000,0.000,0.000],
#data t_row_run_cumulative=>[0.651,0.920,0.989,0.999,1.000,1.000,1.000,1.000,1.000,1.000,1.000,1.000,1.000],

keyboard home row run length
------------------------------------------------------------
1                      997703 90.3  90.3
2                      104076  9.4  99.7
3                        3558  0.3 100.0
4                         121  0.0 100.0
5                           1  0.0 100.0
6                           1  0.0 100.0
9                           4  0.0 100.0

#data h_row_run_data=>[qw(1 2 3 4 5 6 9)],
#data h_row_run_frequency=>[0.903,0.094,0.003,0.000,0.000,0.000,0.000],
#data h_row_run_cumulative=>[0.903,0.997,1.000,1.000,1.000,1.000,1.000],

keyboard bottom row run length
------------------------------------------------------------
1                     2342458 74.4  74.4
2                      584834 18.6  93.0
3                      149130  4.7  97.7
4                       53761  1.7  99.4
5                       13282  0.4  99.8
6                        4051  0.1  99.9
7                        1222  0.0 100.0
8                         353  0.0 100.0
9                         113  0.0 100.0
10                         35  0.0 100.0
11                         19  0.0 100.0
12                          5  0.0 100.0
13                          6  0.0 100.0
14                          1  0.0 100.0
15                          1  0.0 100.0
16                          1  0.0 100.0
20                          1  0.0 100.0

#data b_row_run_data=>[qw(1 2 3 4 5 6 7 8 9 10 11 12 13 14 15 16 20)],
#data b_row_run_frequency=>[0.744,0.186,0.047,0.017,0.004,0.001,0.000,0.000,0.000,0.000,0.000,0.000,0.000,0.000,0.000,0.000,0.000],
#data b_row_run_cumulative=>[0.744,0.930,0.977,0.994,0.998,0.999,1.000,1.000,1.000,1.000,1.000,1.000,1.000,1.000,1.000,1.000,1.000],

keyboard row run length
------------------------------------------------------------
1                     5190261 73.2  73.2
2                     1451199 20.5  93.6
3                      349745  4.9  98.5
4                       82947  1.2  99.7
5                       14762  0.2  99.9
6                        4134  0.1 100.0
7                        1235  0.0 100.0
8                         367  0.0 100.0
9                         119  0.0 100.0
10                         35  0.0 100.0
11                         20  0.0 100.0
12                          5  0.0 100.0
13                          6  0.0 100.0
14                          1  0.0 100.0
15                          1  0.0 100.0
16                          1  0.0 100.0
17                          1  0.0 100.0
18                          2  0.0 100.0
19                          1  0.0 100.0
20                          1  0.0 100.0

#data all_row_run_data=>[qw(1 2 3 4 5 6 7 8 9 10 11 12 13 14 15 16 17 18 19 20)],
#data all_row_run_frequency=>[0.732,0.205,0.049,0.012,0.002,0.001,0.000,0.000,0.000,0.000,0.000,0.000,0.000,0.000,0.000,0.000,0.000,0.000,0.000,0.000],
#data all_row_run_cumulative=>[0.732,0.936,0.985,0.997,0.999,1.000,1.000,1.000,1.000,1.000,1.000,1.000,1.000,1.000,1.000,1.000,1.000,1.000,1.000,1.000],

keyboard finger run length
------------------------------------------------------------
1                     6397271 81.8  81.8
2                     1150953 14.7  96.5
3                      216479  2.8  99.3
4                       46092  0.6  99.9
5                        7831  0.1 100.0
6                        1764  0.0 100.0
7                         269  0.0 100.0
8                         100  0.0 100.0
9                          26  0.0 100.0
10                          5  0.0 100.0
11                          3  0.0 100.0
12                          2  0.0 100.0
13                          1  0.0 100.0
14                          1  0.0 100.0
21                          1  0.0 100.0

#data finger_run_data=>[qw(1 2 3 4 5 6 7 8 9 10 11 12 13 14 21)],
#data finger_run_frequency=>[0.818,0.147,0.028,0.006,0.001,0.000,0.000,0.000,0.000,0.000,0.000,0.000,0.000,0.000,0.000],
#data finger_run_cumulative=>[0.818,0.965,0.993,0.999,1.000,1.000,1.000,1.000,1.000,1.000,1.000,1.000,1.000,1.000,1.000],

keyboard same-hand row jump length
------------------------------------------------------------
1                     3349302 63.1  63.1
2                      251570  4.7  67.9
3                      785408 14.8  82.7
4                       99669  1.9  84.6
5                      361348  6.8  91.4
6                       60673  1.1  92.5
7                      173590  3.3  95.8
8                       27108  0.5  96.3
9                       88107  1.7  98.0
10                      12833  0.2  98.2
11                      43674  0.8  99.0
12                       5402  0.1  99.1
13                      20449  0.4  99.5
14                       2855  0.1  99.6
15                      10063  0.2  99.8
16                       1439  0.0  99.8
17                       4681  0.1  99.9
18                        686  0.0  99.9
19                       2242  0.0  99.9
20                        369  0.0 100.0
21                       1101  0.0 100.0
22                        172  0.0 100.0
23                        551  0.0 100.0
24                         85  0.0 100.0
25                        267  0.0 100.0
26                         40  0.0 100.0
27                        142  0.0 100.0
28                         27  0.0 100.0
29                         56  0.0 100.0
30                         14  0.0 100.0
31                         30  0.0 100.0
32                          2  0.0 100.0
33                         19  0.0 100.0
34                          3  0.0 100.0
35                         16  0.0 100.0
36                          1  0.0 100.0
37                          9  0.0 100.0
38                          1  0.0 100.0
39                          2  0.0 100.0
41                          2  0.0 100.0
43                          2  0.0 100.0
45                          1  0.0 100.0

#data row_jump_data=>[qw(1 2 3 4 5 6 7 8 9 10 11 12 13 14 15 16 17 18 19 20 21 22 23 24 25 26 27 28 29 30 31 32 33 34 35 36 37 38 39 41 43 45)],
#data row_jump_frequency=>[0.631,0.047,0.148,0.019,0.068,0.011,0.033,0.005,0.017,0.002,0.008,0.001,0.004,0.001,0.002,0.000,0.001,0.000,0.000,0.000,0.000,0.000,0.000,0.000,0.000,0.000,0.000,0.000,0.000,0.000,0.000,0.000,0.000,0.000,0.000,0.000,0.000,0.000,0.000,0.000,0.000,0.000],
#data row_jump_cumulative=>[0.631,0.679,0.827,0.846,0.914,0.925,0.958,0.963,0.980,0.982,0.990,0.991,0.995,0.996,0.998,0.998,0.999,0.999,0.999,1.000,1.000,1.000,1.000,1.000,1.000,1.000,1.000,1.000,1.000,1.000,1.000,1.000,1.000,1.000,1.000,1.000,1.000,1.000,1.000,1.000,1.000,1.000],

corpus character frequency
------------------------------------------------------------
e                     1189270 12.4  12.4
t                      857621  8.9  21.4
a                      772047  8.1  29.4
o                      743158  7.8  37.2
i                      664716  6.9  44.1
n                      659446  6.9  51.0
h                      601534  6.3  57.2
s                      600522  6.3  63.5
r                      551354  5.8  69.3
d                      428936  4.5  73.7
l                      395151  4.1  77.9
u                      278222  2.9  80.8
m                      257890  2.7  83.5
w                      230357  2.4  85.9
c                      228885  2.4  88.2
f                      208786  2.2  90.4
y                      202083  2.1  92.5
g                      192882  2.0  94.5
p                      158583  1.7  96.2
b                      149480  1.6  97.8
v                       91308  1.0  98.7
k                       78419  0.8  99.5
j                       14421  0.2  99.7
x                       14308  0.1  99.8
q                       10285  0.1  99.9
z                        6129  0.1 100.0

#data character_frequency_data=>[qw(e t a o i n h s r d l u m w c f y g p b v k j x q z)],
#data character_frequency_frequency=>[0.124,0.089,0.081,0.078,0.069,0.069,0.063,0.063,0.058,0.045,0.041,0.029,0.027,0.024,0.024,0.022,0.021,0.020,0.017,0.016,0.010,0.008,0.002,0.001,0.001,0.001],
#data character_frequency_cumulative=>[0.124,0.214,0.294,0.372,0.441,0.510,0.572,0.635,0.693,0.737,0.779,0.808,0.835,0.859,0.882,0.904,0.925,0.945,0.962,0.978,0.987,0.995,0.997,0.998,0.999,1.000],

------------------------------------------------------------
` 1 2 3 4 5 6 7 8 9 0 - =     ~ ! @ # $ % ^ & * ( ) _ +
t n w m l c b p r h [ ] \     T N W M L C B P R H { } |
s g x j f k q z v ; '         S G X J F K Q Z V : "
e a d i o y u , . /           E A D I O Y U < > ?
------------------------------------------------------------
