Keyboard effort
------------------------------------------------------------
k1                      0.766  78.8  78.8
k1,k2                   0.947  18.7  97.4
k1,k2,k3                0.972   2.6 100.0
b                       0.360  21.0  21.0
p                       0.613  35.7 158.7
ph                      0.000   0.0   0.0
pr                      0.148  24.2  24.2
pf                      0.408  66.5  90.7
s                       0.742  43.3 100.0
all                     1.714 100.0 100.0

#data effort_k1=>[0.766,78.784,78.784],
#data effort_k12=>[0.947,18.662,97.446],
#data effort_k123=>[0.972,2.554,100.000],
#data effort_base=>[0.360,20.983,20.983],
#data effort_penalty=>[0.613,35.749,158.697],
#data effort_penalty_hand=>[0.000,0.000,0.000],
#data effort_penalty_row=>[0.148,24.194,24.194],
#data effort_penalty_finger=>[0.408,66.546,90.740],
#data effort_path=>[0.742,43.268,100.000],
#data effort_all=>[1.714,100.000,100.000],

keyboard row frequency
------------------------------------------------------------
1                     1642771 18.0  18.0
2                     6822894 74.6  92.5
3                      685500  7.5 100.0

#data row_data=>[qw(1 2 3)],
#data row_frequency=>[0.180,0.746,0.075],
#data row_cumulative=>[0.180,0.925,1.000],

keyboard hand frequency
------------------------------------------------------------
0                     4018014 43.9  43.9
1                     5133151 56.1 100.0

#data hand_data=>[qw(0 1)],
#data hand_frequency=>[0.439,0.561],
#data hand_cumulative=>[0.439,1.000],

keyboard finger frequency
------------------------------------------------------------
0                      543071  5.9   5.9
1                      789794  8.6  14.6
2                     1018066 11.1  25.7
3                     1667083 18.2  43.9
6                     2284250 25.0  68.9
7                     1485013 16.2  85.1
8                      850355  9.3  94.4
9                      513533  5.6 100.0

#data finger_data=>[qw(0 1 2 3 6 7 8 9)],
#data finger_frequency=>[0.059,0.086,0.111,0.182,0.250,0.162,0.093,0.056],
#data finger_cumulative=>[0.059,0.146,0.257,0.439,0.689,0.851,0.944,1.000],

keyboard left hand run length
------------------------------------------------------------
1                     1634863 61.5  61.5
2                      688271 25.9  87.4
3                      220873  8.3  95.7
4                       79189  3.0  98.7
5                       23876  0.9  99.6
6                        6752  0.3  99.9
7                        2207  0.1 100.0
8                         810  0.0 100.0
9                         214  0.0 100.0
10                         98  0.0 100.0
11                         29  0.0 100.0
12                          4  0.0 100.0
13                          4  0.0 100.0
14                          1  0.0 100.0
16                          1  0.0 100.0
18                          2  0.0 100.0
19                          1  0.0 100.0
20                          1  0.0 100.0
21                          1  0.0 100.0
22                          1  0.0 100.0
25                          1  0.0 100.0

#data left_hand_run_data=>[qw(1 2 3 4 5 6 7 8 9 10 11 12 13 14 16 18 19 20 21 22 25)],
#data left_hand_run_frequency=>[0.615,0.259,0.083,0.030,0.009,0.003,0.001,0.000,0.000,0.000,0.000,0.000,0.000,0.000,0.000,0.000,0.000,0.000,0.000,0.000,0.000],
#data left_hand_run_cumulative=>[0.615,0.874,0.957,0.987,0.996,0.999,1.000,1.000,1.000,1.000,1.000,1.000,1.000,1.000,1.000,1.000,1.000,1.000,1.000,1.000,1.000],

keyboard right hand run length
------------------------------------------------------------
1                     1064546 40.1  40.1
2                      919188 34.6  74.7
3                      408271 15.4  90.0
4                      143861  5.4  95.4
5                       66090  2.5  97.9
6                       29657  1.1  99.0
7                       14705  0.6  99.6
8                        6439  0.2  99.8
9                        2460  0.1  99.9
10                       1046  0.0 100.0
11                        523  0.0 100.0
12                        232  0.0 100.0
13                        101  0.0 100.0
14                         30  0.0 100.0
15                         28  0.0 100.0
16                         10  0.0 100.0
17                          4  0.0 100.0
18                          4  0.0 100.0
20                          1  0.0 100.0
21                          1  0.0 100.0
22                          1  0.0 100.0
23                          1  0.0 100.0

#data right_hand_run_data=>[qw(1 2 3 4 5 6 7 8 9 10 11 12 13 14 15 16 17 18 20 21 22 23)],
#data right_hand_run_frequency=>[0.401,0.346,0.154,0.054,0.025,0.011,0.006,0.002,0.001,0.000,0.000,0.000,0.000,0.000,0.000,0.000,0.000,0.000,0.000,0.000,0.000,0.000],
#data right_hand_run_cumulative=>[0.401,0.747,0.900,0.954,0.979,0.990,0.996,0.998,0.999,1.000,1.000,1.000,1.000,1.000,1.000,1.000,1.000,1.000,1.000,1.000,1.000,1.000],

keyboard hand run length
------------------------------------------------------------
1                     2699409 50.8  50.8
2                     1607459 30.2  81.0
3                      629144 11.8  92.9
4                      223050  4.2  97.1
5                       89966  1.7  98.8
6                       36409  0.7  99.5
7                       16912  0.3  99.8
8                        7249  0.1  99.9
9                        2674  0.1 100.0
10                       1144  0.0 100.0
11                        552  0.0 100.0
12                        236  0.0 100.0
13                        105  0.0 100.0
14                         31  0.0 100.0
15                         28  0.0 100.0
16                         11  0.0 100.0
17                          4  0.0 100.0
18                          6  0.0 100.0
19                          1  0.0 100.0
20                          2  0.0 100.0
21                          2  0.0 100.0
22                          2  0.0 100.0
23                          1  0.0 100.0
25                          1  0.0 100.0

#data all_hand_run_data=>[qw(1 2 3 4 5 6 7 8 9 10 11 12 13 14 15 16 17 18 19 20 21 22 23 25)],
#data all_hand_run_frequency=>[0.508,0.302,0.118,0.042,0.017,0.007,0.003,0.001,0.001,0.000,0.000,0.000,0.000,0.000,0.000,0.000,0.000,0.000,0.000,0.000,0.000,0.000,0.000,0.000],
#data all_hand_run_cumulative=>[0.508,0.810,0.929,0.971,0.988,0.995,0.998,0.999,1.000,1.000,1.000,1.000,1.000,1.000,1.000,1.000,1.000,1.000,1.000,1.000,1.000,1.000,1.000,1.000],

keyboard top row run length
------------------------------------------------------------
1                      999209 75.8  75.8
2                      259808 19.7  95.5
3                       48043  3.6  99.1
4                        9282  0.7  99.8
5                        1698  0.1 100.0
6                         270  0.0 100.0
7                          46  0.0 100.0
8                           7  0.0 100.0
9                           8  0.0 100.0
10                          3  0.0 100.0
11                          5  0.0 100.0
12                          1  0.0 100.0
14                          1  0.0 100.0
27                          1  0.0 100.0

#data t_row_run_data=>[qw(1 2 3 4 5 6 7 8 9 10 11 12 14 27)],
#data t_row_run_frequency=>[0.758,0.197,0.036,0.007,0.001,0.000,0.000,0.000,0.000,0.000,0.000,0.000,0.000,0.000],
#data t_row_run_cumulative=>[0.758,0.955,0.991,0.998,1.000,1.000,1.000,1.000,1.000,1.000,1.000,1.000,1.000,1.000],

keyboard home row run length
------------------------------------------------------------
1                      453433 24.9  24.9
2                      341833 18.8  43.7
3                      256912 14.1  57.8
4                      188544 10.3  68.1
5                      157018  8.6  76.7
6                      111372  6.1  82.8
7                       83156  4.6  87.4
8                       61745  3.4  90.8
9                       44683  2.5  93.2
10                      33181  1.8  95.1
11                      24117  1.3  96.4
12                      17436  1.0  97.4
13                      12876  0.7  98.1
14                       9399  0.5  98.6
15                       6982  0.4  99.0
16                       5088  0.3  99.2
17                       3666  0.2  99.4
18                       2717  0.1  99.6
19                       2006  0.1  99.7
20                       1450  0.1  99.8
21                       1095  0.1  99.8
22                        798  0.0  99.9
23                        578  0.0  99.9
24                        440  0.0  99.9
25                        327  0.0 100.0
26                        222  0.0 100.0
27                        173  0.0 100.0
28                        120  0.0 100.0
29                         91  0.0 100.0
30                         64  0.0 100.0
31                         47  0.0 100.0
32                         28  0.0 100.0
33                         22  0.0 100.0
34                         20  0.0 100.0
35                         13  0.0 100.0
36                         15  0.0 100.0
37                          7  0.0 100.0
38                          5  0.0 100.0
39                          3  0.0 100.0
40                          3  0.0 100.0
41                          2  0.0 100.0
43                          1  0.0 100.0
45                          2  0.0 100.0

#data h_row_run_data=>[qw(1 2 3 4 5 6 7 8 9 10 11 12 13 14 15 16 17 18 19 20 21 22 23 24 25 26 27 28 29 30 31 32 33 34 35 36 37 38 39 40 41 43 45)],
#data h_row_run_frequency=>[0.249,0.188,0.141,0.103,0.086,0.061,0.046,0.034,0.025,0.018,0.013,0.010,0.007,0.005,0.004,0.003,0.002,0.001,0.001,0.001,0.001,0.000,0.000,0.000,0.000,0.000,0.000,0.000,0.000,0.000,0.000,0.000,0.000,0.000,0.000,0.000,0.000,0.000,0.000,0.000,0.000,0.000,0.000],
#data h_row_run_cumulative=>[0.249,0.437,0.578,0.681,0.767,0.828,0.874,0.908,0.932,0.951,0.964,0.974,0.981,0.986,0.990,0.992,0.994,0.996,0.997,0.998,0.998,0.999,0.999,0.999,1.000,1.000,1.000,1.000,1.000,1.000,1.000,1.000,1.000,1.000,1.000,1.000,1.000,1.000,1.000,1.000,1.000,1.000,1.000],

keyboard bottom row run length
------------------------------------------------------------
1                      623896 93.3  93.3
2                       44099  6.6  99.9
3                         997  0.1 100.0
4                           4  0.0 100.0

#data b_row_run_data=>[qw(1 2 3 4)],
#data b_row_run_frequency=>[0.933,0.066,0.001,0.000],
#data b_row_run_cumulative=>[0.933,0.999,1.000,1.000],

keyboard row run length
------------------------------------------------------------
1                     2076538 54.5  54.5
2                      645740 17.0  71.5
3                      305952  8.0  79.5
4                      197830  5.2  84.7
5                      158716  4.2  88.9
6                      111642  2.9  91.8
7                       83202  2.2  94.0
8                       61752  1.6  95.6
9                       44691  1.2  96.8
10                      33184  0.9  97.6
11                      24122  0.6  98.3
12                      17437  0.5  98.7
13                      12876  0.3  99.1
14                       9400  0.2  99.3
15                       6982  0.2  99.5
16                       5088  0.1  99.6
17                       3666  0.1  99.7
18                       2717  0.1  99.8
19                       2006  0.1  99.9
20                       1450  0.0  99.9
21                       1095  0.0  99.9
22                        798  0.0  99.9
23                        578  0.0 100.0
24                        440  0.0 100.0
25                        327  0.0 100.0
26                        222  0.0 100.0
27                        174  0.0 100.0
28                        120  0.0 100.0
29                         91  0.0 100.0
30                         64  0.0 100.0
31                         47  0.0 100.0
32                         28  0.0 100.0
33                         22  0.0 100.0
34                         20  0.0 100.0
35                         13  0.0 100.0
36                         15  0.0 100.0
37                          7  0.0 100.0
38                          5  0.0 100.0
39                          3  0.0 100.0
40                          3  0.0 100.0
41                          2  0.0 100.0
43                          1  0.0 100.0
45                          2  0.0 100.0

#data all_row_run_data=>[qw(1 2 3 4 5 6 7 8 9 10 11 12 13 14 15 16 17 18 19 20 21 22 23 24 25 26 27 28 29 30 31 32 33 34 35 36 37 38 39 40 41 43 45)],
#data all_row_run_frequency=>[0.545,0.170,0.080,0.052,0.042,0.029,0.022,0.016,0.012,0.009,0.006,0.005,0.003,0.002,0.002,0.001,0.001,0.001,0.001,0.000,0.000,0.000,0.000,0.000,0.000,0.000,0.000,0.000,0.000,0.000,0.000,0.000,0.000,0.000,0.000,0.000,0.000,0.000,0.000,0.000,0.000,0.000,0.000],
#data all_row_run_cumulative=>[0.545,0.715,0.795,0.847,0.889,0.918,0.940,0.956,0.968,0.976,0.983,0.987,0.991,0.993,0.995,0.996,0.997,0.998,0.999,0.999,0.999,0.999,1.000,1.000,1.000,1.000,1.000,1.000,1.000,1.000,1.000,1.000,1.000,1.000,1.000,1.000,1.000,1.000,1.000,1.000,1.000,1.000,1.000],

keyboard finger run length
------------------------------------------------------------
1                     7797138 90.2  90.2
2                      772605  8.9  99.1
3                       72007  0.8  99.9
4                        6146  0.1 100.0
5                         449  0.0 100.0
6                          46  0.0 100.0
7                          12  0.0 100.0
8                           6  0.0 100.0
9                           6  0.0 100.0
10                          1  0.0 100.0
11                          3  0.0 100.0
12                          3  0.0 100.0
13                          1  0.0 100.0
20                          1  0.0 100.0
21                          1  0.0 100.0

#data finger_run_data=>[qw(1 2 3 4 5 6 7 8 9 10 11 12 13 20 21)],
#data finger_run_frequency=>[0.902,0.089,0.008,0.001,0.000,0.000,0.000,0.000,0.000,0.000,0.000,0.000,0.000,0.000,0.000],
#data finger_run_cumulative=>[0.902,0.991,0.999,1.000,1.000,1.000,1.000,1.000,1.000,1.000,1.000,1.000,1.000,1.000,1.000],

keyboard same-hand row jump length
------------------------------------------------------------
1                     6432353 82.1  82.1
2                     1087626 13.9  95.9
3                      256356  3.3  99.2
4                       48656  0.6  99.8
5                       12278  0.2 100.0
6                        1414  0.0 100.0
7                         312  0.0 100.0
8                          30  0.0 100.0
9                           7  0.0 100.0
10                          1  0.0 100.0
13                          1  0.0 100.0

#data row_jump_data=>[qw(1 2 3 4 5 6 7 8 9 10 13)],
#data row_jump_frequency=>[0.821,0.139,0.033,0.006,0.002,0.000,0.000,0.000,0.000,0.000,0.000],
#data row_jump_cumulative=>[0.821,0.959,0.992,0.998,1.000,1.000,1.000,1.000,1.000,1.000,1.000],

corpus character frequency
------------------------------------------------------------
e                     1189270 12.4  12.4
t                      857621  8.9  21.4
a                      772047  8.1  29.4
o                      743158  7.8  37.2
i                      664716  6.9  44.1
n                      659446  6.9  51.0
h                      601534  6.3  57.2
s                      600522  6.3  63.5
r                      551354  5.8  69.3
d                      428936  4.5  73.7
l                      395151  4.1  77.9
u                      278222  2.9  80.8
m                      257890  2.7  83.5
w                      230357  2.4  85.9
c                      228885  2.4  88.2
f                      208786  2.2  90.4
y                      202083  2.1  92.5
g                      192882  2.0  94.5
p                      158583  1.7  96.2
b                      149480  1.6  97.8
v                       91308  1.0  98.7
k                       78419  0.8  99.5
j                       14421  0.2  99.7
x                       14308  0.1  99.8
q                       10285  0.1  99.9
z                        6129  0.1 100.0

#data character_frequency_data=>[qw(e t a o i n h s r d l u m w c f y g p b v k j x q z)],
#data character_frequency_frequency=>[0.124,0.089,0.081,0.078,0.069,0.069,0.063,0.063,0.058,0.045,0.041,0.029,0.027,0.024,0.024,0.022,0.021,0.020,0.017,0.016,0.010,0.008,0.002,0.001,0.001,0.001],
#data character_frequency_cumulative=>[0.124,0.214,0.294,0.372,0.441,0.510,0.572,0.635,0.693,0.737,0.779,0.808,0.835,0.859,0.882,0.904,0.925,0.945,0.962,0.978,0.987,0.995,0.997,0.998,0.999,1.000],

