Keyboard effort
------------------------------------------------------------
k1                      0.762  78.9  78.9
k1,k2                   0.941  18.6  97.4
k1,k2,k3                0.966   2.6 100.0
b                       0.365  21.4  21.4
p                       0.601  35.2 160.8
ph                      0.000   0.0   0.0
pr                      0.138  23.0  23.0
pf                      0.410  68.3  91.3
s                       0.739  43.4 100.0
all                     1.705 100.0 100.0

#data effort_k1=>[0.762,78.878,78.878],
#data effort_k12=>[0.941,18.559,97.437],
#data effort_k123=>[0.966,2.563,100.000],
#data effort_base=>[0.365,21.411,21.411],
#data effort_penalty=>[0.601,35.221,160.790],
#data effort_penalty_hand=>[0.000,0.000,0.000],
#data effort_penalty_row=>[0.138,22.981,22.981],
#data effort_penalty_finger=>[0.410,68.277,91.258],
#data effort_path=>[0.739,43.368,100.000],
#data effort_all=>[1.705,100.000,100.000],

keyboard row frequency
------------------------------------------------------------
1                     1830965 20.0  20.0
2                     6822894 74.6  94.6
3                      497306  5.4 100.0

#data row_data=>[qw(1 2 3)],
#data row_frequency=>[0.200,0.746,0.054],
#data row_cumulative=>[0.200,0.946,1.000],

keyboard hand frequency
------------------------------------------------------------
0                     4273155 46.7  46.7
1                     4878010 53.3 100.0

#data hand_data=>[qw(0 1)],
#data hand_frequency=>[0.467,0.533],
#data hand_cumulative=>[0.467,1.000],

keyboard finger frequency
------------------------------------------------------------
0                      537701  5.9   5.9
1                      789794  8.6  14.5
2                     1018066 11.1  25.6
3                     1927594 21.1  46.7
6                     2176457 23.8  70.5
7                     1301760 14.2  84.7
8                      895063  9.8  94.5
9                      504730  5.5 100.0

#data finger_data=>[qw(0 1 2 3 6 7 8 9)],
#data finger_frequency=>[0.059,0.086,0.111,0.211,0.238,0.142,0.098,0.055],
#data finger_cumulative=>[0.059,0.145,0.256,0.467,0.705,0.847,0.945,1.000],

keyboard left hand run length
------------------------------------------------------------
1                     1507597 57.1  57.1
2                      708033 26.8  83.9
3                      264146 10.0  93.9
4                      106022  4.0  98.0
5                       33698  1.3  99.2
6                       12809  0.5  99.7
7                        4378  0.2  99.9
8                        1733  0.1 100.0
9                         755  0.0 100.0
10                        283  0.0 100.0
11                        125  0.0 100.0
12                         43  0.0 100.0
13                         24  0.0 100.0
14                         11  0.0 100.0
15                          5  0.0 100.0
16                          1  0.0 100.0
18                          1  0.0 100.0
19                          2  0.0 100.0
20                          2  0.0 100.0
22                          2  0.0 100.0
25                          1  0.0 100.0

#data left_hand_run_data=>[qw(1 2 3 4 5 6 7 8 9 10 11 12 13 14 15 16 18 19 20 22 25)],
#data left_hand_run_frequency=>[0.571,0.268,0.100,0.040,0.013,0.005,0.002,0.001,0.000,0.000,0.000,0.000,0.000,0.000,0.000,0.000,0.000,0.000,0.000,0.000,0.000],
#data left_hand_run_cumulative=>[0.571,0.839,0.939,0.980,0.992,0.997,0.999,1.000,1.000,1.000,1.000,1.000,1.000,1.000,1.000,1.000,1.000,1.000,1.000,1.000,1.000],

keyboard right hand run length
------------------------------------------------------------
1                     1134916 43.0  43.0
2                      896663 34.0  77.0
3                      383083 14.5  91.5
4                      129319  4.9  96.4
5                       54736  2.1  98.4
6                       23404  0.9  99.3
7                       10769  0.4  99.7
8                        4107  0.2  99.9
9                        1427  0.1 100.0
10                        647  0.0 100.0
11                        331  0.0 100.0
12                        167  0.0 100.0
13                         51  0.0 100.0
14                         22  0.0 100.0
15                         16  0.0 100.0
16                          5  0.0 100.0
17                          3  0.0 100.0
18                          1  0.0 100.0
19                          1  0.0 100.0
20                          1  0.0 100.0
22                          1  0.0 100.0
23                          1  0.0 100.0

#data right_hand_run_data=>[qw(1 2 3 4 5 6 7 8 9 10 11 12 13 14 15 16 17 18 19 20 22 23)],
#data right_hand_run_frequency=>[0.430,0.340,0.145,0.049,0.021,0.009,0.004,0.002,0.001,0.000,0.000,0.000,0.000,0.000,0.000,0.000,0.000,0.000,0.000,0.000,0.000,0.000],
#data right_hand_run_cumulative=>[0.430,0.770,0.915,0.964,0.984,0.993,0.997,0.999,1.000,1.000,1.000,1.000,1.000,1.000,1.000,1.000,1.000,1.000,1.000,1.000,1.000,1.000],

keyboard hand run length
------------------------------------------------------------
1                     2642513 50.1  50.1
2                     1604696 30.4  80.4
3                      647229 12.3  92.7
4                      235341  4.5  97.2
5                       88434  1.7  98.8
6                       36213  0.7  99.5
7                       15147  0.3  99.8
8                        5840  0.1  99.9
9                        2182  0.0 100.0
10                        930  0.0 100.0
11                        456  0.0 100.0
12                        210  0.0 100.0
13                         75  0.0 100.0
14                         33  0.0 100.0
15                         21  0.0 100.0
16                          6  0.0 100.0
17                          3  0.0 100.0
18                          2  0.0 100.0
19                          3  0.0 100.0
20                          3  0.0 100.0
22                          3  0.0 100.0
23                          1  0.0 100.0
25                          1  0.0 100.0

#data all_hand_run_data=>[qw(1 2 3 4 5 6 7 8 9 10 11 12 13 14 15 16 17 18 19 20 22 23 25)],
#data all_hand_run_frequency=>[0.501,0.304,0.123,0.045,0.017,0.007,0.003,0.001,0.000,0.000,0.000,0.000,0.000,0.000,0.000,0.000,0.000,0.000,0.000,0.000,0.000,0.000,0.000],
#data all_hand_run_cumulative=>[0.501,0.804,0.927,0.972,0.988,0.995,0.998,0.999,1.000,1.000,1.000,1.000,1.000,1.000,1.000,1.000,1.000,1.000,1.000,1.000,1.000,1.000,1.000],

keyboard top row run length
------------------------------------------------------------
1                     1076647 74.7  74.7
2                      285057 19.8  94.4
3                       62975  4.4  98.8
4                       13021  0.9  99.7
5                        3191  0.2  99.9
6                         741  0.1 100.0
7                         162  0.0 100.0
8                          34  0.0 100.0
9                           4  0.0 100.0
10                          7  0.0 100.0
11                          6  0.0 100.0
12                          1  0.0 100.0
14                          1  0.0 100.0
27                          1  0.0 100.0

#data t_row_run_data=>[qw(1 2 3 4 5 6 7 8 9 10 11 12 14 27)],
#data t_row_run_frequency=>[0.747,0.198,0.044,0.009,0.002,0.001,0.000,0.000,0.000,0.000,0.000,0.000,0.000,0.000],
#data t_row_run_cumulative=>[0.747,0.944,0.988,0.997,0.999,1.000,1.000,1.000,1.000,1.000,1.000,1.000,1.000,1.000],

keyboard home row run length
------------------------------------------------------------
1                      453433 24.9  24.9
2                      341833 18.8  43.7
3                      256912 14.1  57.8
4                      188544 10.3  68.1
5                      157018  8.6  76.7
6                      111372  6.1  82.8
7                       83156  4.6  87.4
8                       61745  3.4  90.8
9                       44683  2.5  93.2
10                      33181  1.8  95.1
11                      24117  1.3  96.4
12                      17436  1.0  97.4
13                      12876  0.7  98.1
14                       9399  0.5  98.6
15                       6982  0.4  99.0
16                       5088  0.3  99.2
17                       3666  0.2  99.4
18                       2717  0.1  99.6
19                       2006  0.1  99.7
20                       1450  0.1  99.8
21                       1095  0.1  99.8
22                        798  0.0  99.9
23                        578  0.0  99.9
24                        440  0.0  99.9
25                        327  0.0 100.0
26                        222  0.0 100.0
27                        173  0.0 100.0
28                        120  0.0 100.0
29                         91  0.0 100.0
30                         64  0.0 100.0
31                         47  0.0 100.0
32                         28  0.0 100.0
33                         22  0.0 100.0
34                         20  0.0 100.0
35                         13  0.0 100.0
36                         15  0.0 100.0
37                          7  0.0 100.0
38                          5  0.0 100.0
39                          3  0.0 100.0
40                          3  0.0 100.0
41                          2  0.0 100.0
43                          1  0.0 100.0
45                          2  0.0 100.0

#data h_row_run_data=>[qw(1 2 3 4 5 6 7 8 9 10 11 12 13 14 15 16 17 18 19 20 21 22 23 24 25 26 27 28 29 30 31 32 33 34 35 36 37 38 39 40 41 43 45)],
#data h_row_run_frequency=>[0.249,0.188,0.141,0.103,0.086,0.061,0.046,0.034,0.025,0.018,0.013,0.010,0.007,0.005,0.004,0.003,0.002,0.001,0.001,0.001,0.001,0.000,0.000,0.000,0.000,0.000,0.000,0.000,0.000,0.000,0.000,0.000,0.000,0.000,0.000,0.000,0.000,0.000,0.000,0.000,0.000,0.000,0.000],
#data h_row_run_cumulative=>[0.249,0.437,0.578,0.681,0.767,0.828,0.874,0.908,0.932,0.951,0.964,0.974,0.981,0.986,0.990,0.992,0.994,0.996,0.997,0.998,0.998,0.999,0.999,0.999,1.000,1.000,1.000,1.000,1.000,1.000,1.000,1.000,1.000,1.000,1.000,1.000,1.000,1.000,1.000,1.000,1.000,1.000,1.000],

keyboard bottom row run length
------------------------------------------------------------
1                      488978 97.3  97.3
2                       13393  2.7 100.0
3                          85  0.0 100.0
4                          15  0.0 100.0

#data b_row_run_data=>[qw(1 2 3 4)],
#data b_row_run_frequency=>[0.973,0.027,0.000,0.000],
#data b_row_run_cumulative=>[0.973,1.000,1.000,1.000],

keyboard row run length
------------------------------------------------------------
1                     2019058 53.6  53.6
2                      640283 17.0  70.6
3                      319972  8.5  79.1
4                      201580  5.4  84.5
5                      160209  4.3  88.7
6                      112113  3.0  91.7
7                       83318  2.2  93.9
8                       61779  1.6  95.5
9                       44687  1.2  96.7
10                      33188  0.9  97.6
11                      24123  0.6  98.3
12                      17437  0.5  98.7
13                      12876  0.3  99.1
14                       9400  0.2  99.3
15                       6982  0.2  99.5
16                       5088  0.1  99.6
17                       3666  0.1  99.7
18                       2717  0.1  99.8
19                       2006  0.1  99.9
20                       1450  0.0  99.9
21                       1095  0.0  99.9
22                        798  0.0  99.9
23                        578  0.0 100.0
24                        440  0.0 100.0
25                        327  0.0 100.0
26                        222  0.0 100.0
27                        174  0.0 100.0
28                        120  0.0 100.0
29                         91  0.0 100.0
30                         64  0.0 100.0
31                         47  0.0 100.0
32                         28  0.0 100.0
33                         22  0.0 100.0
34                         20  0.0 100.0
35                         13  0.0 100.0
36                         15  0.0 100.0
37                          7  0.0 100.0
38                          5  0.0 100.0
39                          3  0.0 100.0
40                          3  0.0 100.0
41                          2  0.0 100.0
43                          1  0.0 100.0
45                          2  0.0 100.0

#data all_row_run_data=>[qw(1 2 3 4 5 6 7 8 9 10 11 12 13 14 15 16 17 18 19 20 21 22 23 24 25 26 27 28 29 30 31 32 33 34 35 36 37 38 39 40 41 43 45)],
#data all_row_run_frequency=>[0.536,0.170,0.085,0.054,0.043,0.030,0.022,0.016,0.012,0.009,0.006,0.005,0.003,0.002,0.002,0.001,0.001,0.001,0.001,0.000,0.000,0.000,0.000,0.000,0.000,0.000,0.000,0.000,0.000,0.000,0.000,0.000,0.000,0.000,0.000,0.000,0.000,0.000,0.000,0.000,0.000,0.000,0.000],
#data all_row_run_cumulative=>[0.536,0.706,0.791,0.845,0.887,0.917,0.939,0.955,0.967,0.976,0.983,0.987,0.991,0.993,0.995,0.996,0.997,0.998,0.999,0.999,0.999,0.999,1.000,1.000,1.000,1.000,1.000,1.000,1.000,1.000,1.000,1.000,1.000,1.000,1.000,1.000,1.000,1.000,1.000,1.000,1.000,1.000,1.000],

keyboard finger run length
------------------------------------------------------------
1                     7767950 90.1  90.1
2                      763856  8.9  98.9
3                       82042  1.0  99.9
4                        9586  0.1 100.0
5                         836  0.0 100.0
6                          93  0.0 100.0
7                          35  0.0 100.0
8                          45  0.0 100.0
9                          17  0.0 100.0
10                          3  0.0 100.0
11                          4  0.0 100.0
12                          3  0.0 100.0
13                          1  0.0 100.0
20                          1  0.0 100.0
22                          1  0.0 100.0

#data finger_run_data=>[qw(1 2 3 4 5 6 7 8 9 10 11 12 13 20 22)],
#data finger_run_frequency=>[0.901,0.089,0.010,0.001,0.000,0.000,0.000,0.000,0.000,0.000,0.000,0.000,0.000,0.000,0.000],
#data finger_run_cumulative=>[0.901,0.989,0.999,1.000,1.000,1.000,1.000,1.000,1.000,1.000,1.000,1.000,1.000,1.000,1.000],

keyboard same-hand row jump length
------------------------------------------------------------
1                     6346399 81.5  81.5
2                     1107725 14.2  95.7
3                      265075  3.4  99.1
4                       51170  0.7  99.8
5                       12850  0.2 100.0
6                        1774  0.0 100.0
7                         449  0.0 100.0
8                         277  0.0 100.0
9                          73  0.0 100.0
10                          5  0.0 100.0
13                          1  0.0 100.0

#data row_jump_data=>[qw(1 2 3 4 5 6 7 8 9 10 13)],
#data row_jump_frequency=>[0.815,0.142,0.034,0.007,0.002,0.000,0.000,0.000,0.000,0.000,0.000],
#data row_jump_cumulative=>[0.815,0.957,0.991,0.998,1.000,1.000,1.000,1.000,1.000,1.000,1.000],

corpus character frequency
------------------------------------------------------------
e                     1189270 12.4  12.4
t                      857621  8.9  21.4
a                      772047  8.1  29.4
o                      743158  7.8  37.2
i                      664716  6.9  44.1
n                      659446  6.9  51.0
h                      601534  6.3  57.2
s                      600522  6.3  63.5
r                      551354  5.8  69.3
d                      428936  4.5  73.7
l                      395151  4.1  77.9
u                      278222  2.9  80.8
m                      257890  2.7  83.5
w                      230357  2.4  85.9
c                      228885  2.4  88.2
f                      208786  2.2  90.4
y                      202083  2.1  92.5
g                      192882  2.0  94.5
p                      158583  1.7  96.2
b                      149480  1.6  97.8
v                       91308  1.0  98.7
k                       78419  0.8  99.5
j                       14421  0.2  99.7
x                       14308  0.1  99.8
q                       10285  0.1  99.9
z                        6129  0.1 100.0

#data character_frequency_data=>[qw(e t a o i n h s r d l u m w c f y g p b v k j x q z)],
#data character_frequency_frequency=>[0.124,0.089,0.081,0.078,0.069,0.069,0.063,0.063,0.058,0.045,0.041,0.029,0.027,0.024,0.024,0.022,0.021,0.020,0.017,0.016,0.010,0.008,0.002,0.001,0.001,0.001],
#data character_frequency_cumulative=>[0.124,0.214,0.294,0.372,0.441,0.510,0.572,0.635,0.693,0.737,0.779,0.808,0.835,0.859,0.882,0.904,0.925,0.945,0.962,0.978,0.987,0.995,0.997,0.998,0.999,1.000],

