Keyboard effort
------------------------------------------------------------
k1                      0.797  74.8  74.8
k1,k2                   1.025  21.4  96.2
k1,k2,k3                1.066   3.8 100.0
b                       0.313  16.7  16.7
p                       0.753  40.1 141.6
ph                      0.000   0.0   0.0
pr                      0.170  22.6  22.6
pf                      0.470  62.5  85.1
s                       0.813  43.3 100.0
all                     1.879 100.0 100.0

#data effort_k1=>[0.797,74.795,74.795],
#data effort_k12=>[1.025,21.390,96.185],
#data effort_k123=>[1.066,3.815,100.000],
#data effort_base=>[0.313,16.676,16.676],
#data effort_penalty=>[0.753,40.058,141.630],
#data effort_penalty_hand=>[0.000,0.000,0.000],
#data effort_penalty_row=>[0.170,22.631,22.631],
#data effort_penalty_finger=>[0.470,62.484,85.115],
#data effort_path=>[0.813,43.266,100.000],
#data effort_all=>[1.879,100.000,100.000],

keyboard row frequency
------------------------------------------------------------
1                     4433226 14.4  14.4
2                    22603412 73.6  88.1
3                     3653746 11.9 100.0

#data row_data=>[qw(1 2 3)],
#data row_frequency=>[0.144,0.736,0.119],
#data row_cumulative=>[0.144,0.881,1.000],

keyboard hand frequency
------------------------------------------------------------
0                    13328930 43.4  43.4
1                    17361454 56.6 100.0

#data hand_data=>[qw(0 1)],
#data hand_frequency=>[0.434,0.566],
#data hand_cumulative=>[0.434,1.000],

keyboard finger frequency
------------------------------------------------------------
0                     2725974  8.9   8.9
1                     2391478  7.8  16.7
2                     1963782  6.4  23.1
3                     6247696 20.4  43.4
6                     7018469 22.9  66.3
7                     6252025 20.4  86.7
8                     2235632  7.3  94.0
9                     1855328  6.0 100.0

#data finger_data=>[qw(0 1 2 3 6 7 8 9)],
#data finger_frequency=>[0.089,0.078,0.064,0.204,0.229,0.204,0.073,0.060],
#data finger_cumulative=>[0.089,0.167,0.231,0.434,0.663,0.867,0.940,1.000],

keyboard left hand run length
------------------------------------------------------------
1                     4488104 57.4  57.4
2                     2048916 26.2  83.6
3                      700063  8.9  92.5
4                      332154  4.2  96.7
5                      149849  1.9  98.7
6                       63217  0.8  99.5
7                       24418  0.3  99.8
8                        9735  0.1  99.9
9                        4278  0.1 100.0
10                       1713  0.0 100.0
11                        772  0.0 100.0
12                        305  0.0 100.0
13                        147  0.0 100.0
14                         53  0.0 100.0
15                         29  0.0 100.0
16                          8  0.0 100.0
17                          4  0.0 100.0
18                          3  0.0 100.0
19                          2  0.0 100.0

#data left_hand_run_data=>[qw(1 2 3 4 5 6 7 8 9 10 11 12 13 14 15 16 17 18 19)],
#data left_hand_run_frequency=>[0.574,0.262,0.089,0.042,0.019,0.008,0.003,0.001,0.001,0.000,0.000,0.000,0.000,0.000,0.000,0.000,0.000,0.000,0.000],
#data left_hand_run_cumulative=>[0.574,0.836,0.925,0.967,0.987,0.995,0.998,0.999,1.000,1.000,1.000,1.000,1.000,1.000,1.000,1.000,1.000,1.000,1.000],

keyboard right hand run length
------------------------------------------------------------
1                     3294760 42.1  42.1
2                     2191597 28.0  70.1
3                     1029591 13.2  83.3
4                      561726  7.2  90.5
5                      348869  4.5  94.9
6                      176801  2.3  97.2
7                      100698  1.3  98.5
8                       58239  0.7  99.2
9                       28774  0.4  99.6
10                      15230  0.2  99.8
11                       8195  0.1  99.9
12                       4140  0.1  99.9
13                       2295  0.0 100.0
14                       1297  0.0 100.0
15                        682  0.0 100.0
16                        378  0.0 100.0
17                        214  0.0 100.0
18                        106  0.0 100.0
19                         73  0.0 100.0
20                         53  0.0 100.0
21                         21  0.0 100.0
22                          8  0.0 100.0
23                         10  0.0 100.0
24                          3  0.0 100.0
25                          2  0.0 100.0
26                          1  0.0 100.0
27                          3  0.0 100.0
28                          2  0.0 100.0
32                          1  0.0 100.0
35                          1  0.0 100.0

#data right_hand_run_data=>[qw(1 2 3 4 5 6 7 8 9 10 11 12 13 14 15 16 17 18 19 20 21 22 23 24 25 26 27 28 32 35)],
#data right_hand_run_frequency=>[0.421,0.280,0.132,0.072,0.045,0.023,0.013,0.007,0.004,0.002,0.001,0.001,0.000,0.000,0.000,0.000,0.000,0.000,0.000,0.000,0.000,0.000,0.000,0.000,0.000,0.000,0.000,0.000,0.000,0.000],
#data right_hand_run_cumulative=>[0.421,0.701,0.833,0.905,0.949,0.972,0.985,0.992,0.996,0.998,0.999,0.999,1.000,1.000,1.000,1.000,1.000,1.000,1.000,1.000,1.000,1.000,1.000,1.000,1.000,1.000,1.000,1.000,1.000,1.000],

keyboard hand run length
------------------------------------------------------------
1                     7782864 49.7  49.7
2                     4240513 27.1  76.8
3                     1729654 11.1  87.9
4                      893880  5.7  93.6
5                      498718  3.2  96.8
6                      240018  1.5  98.3
7                      125116  0.8  99.1
8                       67974  0.4  99.6
9                       33052  0.2  99.8
10                      16943  0.1  99.9
11                       8967  0.1  99.9
12                       4445  0.0 100.0
13                       2442  0.0 100.0
14                       1350  0.0 100.0
15                        711  0.0 100.0
16                        386  0.0 100.0
17                        218  0.0 100.0
18                        109  0.0 100.0
19                         75  0.0 100.0
20                         53  0.0 100.0
21                         21  0.0 100.0
22                          8  0.0 100.0
23                         10  0.0 100.0
24                          3  0.0 100.0
25                          2  0.0 100.0
26                          1  0.0 100.0
27                          3  0.0 100.0
28                          2  0.0 100.0
32                          1  0.0 100.0
35                          1  0.0 100.0

#data all_hand_run_data=>[qw(1 2 3 4 5 6 7 8 9 10 11 12 13 14 15 16 17 18 19 20 21 22 23 24 25 26 27 28 32 35)],
#data all_hand_run_frequency=>[0.497,0.271,0.111,0.057,0.032,0.015,0.008,0.004,0.002,0.001,0.001,0.000,0.000,0.000,0.000,0.000,0.000,0.000,0.000,0.000,0.000,0.000,0.000,0.000,0.000,0.000,0.000,0.000,0.000,0.000],
#data all_hand_run_cumulative=>[0.497,0.768,0.879,0.936,0.968,0.983,0.991,0.996,0.998,0.999,0.999,1.000,1.000,1.000,1.000,1.000,1.000,1.000,1.000,1.000,1.000,1.000,1.000,1.000,1.000,1.000,1.000,1.000,1.000,1.000],

keyboard top row run length
------------------------------------------------------------
1                     3372828 86.4  86.4
2                      492562 12.6  99.0
3                       33713  0.9  99.9
4                        4975  0.1 100.0
5                         421  0.0 100.0
6                          88  0.0 100.0
7                          13  0.0 100.0
8                           5  0.0 100.0
11                          1  0.0 100.0
14                          1  0.0 100.0

#data t_row_run_data=>[qw(1 2 3 4 5 6 7 8 11 14)],
#data t_row_run_frequency=>[0.864,0.126,0.009,0.001,0.000,0.000,0.000,0.000,0.000,0.000],
#data t_row_run_cumulative=>[0.864,0.990,0.999,1.000,1.000,1.000,1.000,1.000,1.000,1.000],

keyboard home row run length
------------------------------------------------------------
1                     1869146 28.1  28.1
2                     1381679 20.8  48.9
3                      922529 13.9  62.8
4                      740278 11.1  74.0
5                      557886  8.4  82.3
6                      349182  5.3  87.6
7                      245127  3.7  91.3
8                      176048  2.6  93.9
9                      122009  1.8  95.8
10                      86237  1.3  97.1
11                      58975  0.9  98.0
12                      41026  0.6  98.6
13                      28661  0.4  99.0
14                      19801  0.3  99.3
15                      13885  0.2  99.5
16                       9593  0.1  99.7
17                       6671  0.1  99.8
18                       4779  0.1  99.8
19                       3372  0.1  99.9
20                       2282  0.0  99.9
21                       1654  0.0  99.9
22                       1087  0.0 100.0
23                        834  0.0 100.0
24                        514  0.0 100.0
25                        355  0.0 100.0
26                        242  0.0 100.0
27                        157  0.0 100.0
28                        135  0.0 100.0
29                         94  0.0 100.0
30                         74  0.0 100.0
31                         48  0.0 100.0
32                         30  0.0 100.0
33                         20  0.0 100.0
34                         12  0.0 100.0
35                         17  0.0 100.0
36                         11  0.0 100.0
37                          2  0.0 100.0
38                          7  0.0 100.0
39                          2  0.0 100.0
41                          1  0.0 100.0
42                          1  0.0 100.0
43                          1  0.0 100.0
47                          1  0.0 100.0

#data h_row_run_data=>[qw(1 2 3 4 5 6 7 8 9 10 11 12 13 14 15 16 17 18 19 20 21 22 23 24 25 26 27 28 29 30 31 32 33 34 35 36 37 38 39 41 42 43 47)],
#data h_row_run_frequency=>[0.281,0.208,0.139,0.111,0.084,0.053,0.037,0.026,0.018,0.013,0.009,0.006,0.004,0.003,0.002,0.001,0.001,0.001,0.001,0.000,0.000,0.000,0.000,0.000,0.000,0.000,0.000,0.000,0.000,0.000,0.000,0.000,0.000,0.000,0.000,0.000,0.000,0.000,0.000,0.000,0.000,0.000,0.000],
#data h_row_run_cumulative=>[0.281,0.489,0.628,0.740,0.823,0.876,0.913,0.939,0.958,0.971,0.980,0.986,0.990,0.993,0.995,0.997,0.998,0.998,0.999,0.999,0.999,1.000,1.000,1.000,1.000,1.000,1.000,1.000,1.000,1.000,1.000,1.000,1.000,1.000,1.000,1.000,1.000,1.000,1.000,1.000,1.000,1.000,1.000],

keyboard bottom row run length
------------------------------------------------------------
1                     3258523 94.0  94.0
2                      207041  6.0  99.9
3                        2198  0.1 100.0
4                         173  0.0 100.0
5                          17  0.0 100.0
6                           3  0.0 100.0
7                           2  0.0 100.0
11                          1  0.0 100.0

#data b_row_run_data=>[qw(1 2 3 4 5 6 7 11)],
#data b_row_run_frequency=>[0.940,0.060,0.001,0.000,0.000,0.000,0.000,0.000],
#data b_row_run_cumulative=>[0.940,0.999,1.000,1.000,1.000,1.000,1.000,1.000],

keyboard row run length
------------------------------------------------------------
1                     8500497 60.6  60.6
2                     2081282 14.8  75.5
3                      958440  6.8  82.3
4                      745426  5.3  87.6
5                      558324  4.0  91.6
6                      349273  2.5  94.1
7                      245142  1.7  95.9
8                      176053  1.3  97.1
9                      122009  0.9  98.0
10                      86237  0.6  98.6
11                      58977  0.4  99.0
12                      41026  0.3  99.3
13                      28661  0.2  99.5
14                      19802  0.1  99.7
15                      13885  0.1  99.8
16                       9593  0.1  99.8
17                       6671  0.0  99.9
18                       4779  0.0  99.9
19                       3372  0.0  99.9
20                       2282  0.0 100.0
21                       1654  0.0 100.0
22                       1087  0.0 100.0
23                        834  0.0 100.0
24                        514  0.0 100.0
25                        355  0.0 100.0
26                        242  0.0 100.0
27                        157  0.0 100.0
28                        135  0.0 100.0
29                         94  0.0 100.0
30                         74  0.0 100.0
31                         48  0.0 100.0
32                         30  0.0 100.0
33                         20  0.0 100.0
34                         12  0.0 100.0
35                         17  0.0 100.0
36                         11  0.0 100.0
37                          2  0.0 100.0
38                          7  0.0 100.0
39                          2  0.0 100.0
41                          1  0.0 100.0
42                          1  0.0 100.0
43                          1  0.0 100.0
47                          1  0.0 100.0

#data all_row_run_data=>[qw(1 2 3 4 5 6 7 8 9 10 11 12 13 14 15 16 17 18 19 20 21 22 23 24 25 26 27 28 29 30 31 32 33 34 35 36 37 38 39 41 42 43 47)],
#data all_row_run_frequency=>[0.606,0.148,0.068,0.053,0.040,0.025,0.017,0.013,0.009,0.006,0.004,0.003,0.002,0.001,0.001,0.001,0.000,0.000,0.000,0.000,0.000,0.000,0.000,0.000,0.000,0.000,0.000,0.000,0.000,0.000,0.000,0.000,0.000,0.000,0.000,0.000,0.000,0.000,0.000,0.000,0.000,0.000,0.000],
#data all_row_run_cumulative=>[0.606,0.755,0.823,0.876,0.916,0.941,0.959,0.971,0.980,0.986,0.990,0.993,0.995,0.997,0.998,0.998,0.999,0.999,0.999,1.000,1.000,1.000,1.000,1.000,1.000,1.000,1.000,1.000,1.000,1.000,1.000,1.000,1.000,1.000,1.000,1.000,1.000,1.000,1.000,1.000,1.000,1.000,1.000],

keyboard finger run length
------------------------------------------------------------
1                    24217536 87.8  87.8
2                     3240092 11.7  99.5
3                      119195  0.4 100.0
4                        4603  0.0 100.0
5                         577  0.0 100.0
6                          70  0.0 100.0
7                          33  0.0 100.0
8                           8  0.0 100.0
9                           3  0.0 100.0
10                          2  0.0 100.0
11                          1  0.0 100.0
13                          1  0.0 100.0

#data finger_run_data=>[qw(1 2 3 4 5 6 7 8 9 10 11 13)],
#data finger_run_frequency=>[0.878,0.117,0.004,0.000,0.000,0.000,0.000,0.000,0.000,0.000,0.000,0.000],
#data finger_run_cumulative=>[0.878,0.995,1.000,1.000,1.000,1.000,1.000,1.000,1.000,1.000,1.000,1.000],

keyboard same-hand row jump length
------------------------------------------------------------
1                    19775364 81.0  81.0
2                     3103472 12.7  93.7
3                     1065731  4.4  98.1
4                      229782  0.9  99.1
5                      116026  0.5  99.5
6                       50287  0.2  99.7
7                       45207  0.2  99.9
8                       11391  0.0 100.0
9                        5968  0.0 100.0
10                       1039  0.0 100.0
11                        473  0.0 100.0
12                        201  0.0 100.0
13                         56  0.0 100.0
14                         16  0.0 100.0
15                         13  0.0 100.0
16                          2  0.0 100.0
17                          1  0.0 100.0
18                          1  0.0 100.0
19                          1  0.0 100.0
21                          1  0.0 100.0

#data row_jump_data=>[qw(1 2 3 4 5 6 7 8 9 10 11 12 13 14 15 16 17 18 19 21)],
#data row_jump_frequency=>[0.810,0.127,0.044,0.009,0.005,0.002,0.002,0.000,0.000,0.000,0.000,0.000,0.000,0.000,0.000,0.000,0.000,0.000,0.000,0.000],
#data row_jump_cumulative=>[0.810,0.937,0.981,0.991,0.995,0.997,0.999,1.000,1.000,1.000,1.000,1.000,1.000,1.000,1.000,1.000,1.000,1.000,1.000,1.000],

corpus character frequency
------------------------------------------------------------
e                     5798339 18.7  18.7
n                     3014541  9.7  28.4
a                     2345134  7.5  35.9
i                     2216244  7.1  43.0
t                     2087686  6.7  49.8
r                     1906571  6.1  55.9
o                     1865490  6.0  61.9
d                     1651865  5.3  67.2
s                     1273888  4.1  71.3
l                     1229615  4.0  75.3
g                      906466  2.9  78.2
k                      811923  2.6  80.8
m                      790322  2.5  83.3
h                      755830  2.4  85.8
v                      733012  2.4  88.1
u                      560323  1.8  89.9
j                      531365  1.7  91.6
w                      490025  1.6  93.2
b                      474797  1.5  94.7
p                      457924  1.5  96.2
c                      455325  1.5  97.7
z                      397429  1.3  99.0
f                      261682  0.8  99.8
y                       40142  0.1  99.9
x                       17212  0.1 100.0
q                        4238  0.0 100.0

#data character_frequency_data=>[qw(e n a i t r o d s l g k m h v u j w b p c z f y x q)],
#data character_frequency_frequency=>[0.187,0.097,0.075,0.071,0.067,0.061,0.060,0.053,0.041,0.040,0.029,0.026,0.025,0.024,0.024,0.018,0.017,0.016,0.015,0.015,0.015,0.013,0.008,0.001,0.001,0.000],
#data character_frequency_cumulative=>[0.187,0.284,0.359,0.430,0.498,0.559,0.619,0.672,0.713,0.753,0.782,0.808,0.833,0.858,0.881,0.899,0.916,0.932,0.947,0.962,0.977,0.990,0.998,0.999,1.000,1.000],

corpus character pair frequency
------------------------------------------------------------
en                    1398757  4.5   4.5
er                     834240  2.7   7.2
de                     748026  2.4   9.6
an                     546972  1.8  11.4
ee                     540409  1.7  13.1
te                     529191  1.7  14.8
nd                     511057  1.6  16.4
et                     492476  1.6  18.0
ge                     450495  1.4  19.5
ie                     440256  1.4  20.9
aa                     438964  1.4  22.3
el                     435590  1.4  23.7
in                     405509  1.3  25.0
ij                     379276  1.2  26.2
he                     354040  1.1  27.4
re                     308968  1.0  28.4
at                     305591  1.0  29.3
st                     284516  0.9  30.3
ar                     282430  0.9  31.2
oo                     278555  0.9  32.1
or                     272917  0.9  32.9
ti                     272774  0.9  33.8
ve                     270921  0.9  34.7
le                     264898  0.9  35.5
ne                     263021  0.8  36.4
me                     262625  0.8  37.2
da                     250181  0.8  38.0
al                     248830  0.8  38.8
ni                     246206  0.8  39.6
ng                     240808  0.8  40.4
is                     233204  0.8  41.2
li                     231233  0.7  41.9
ch                     228814  0.7  42.6
rd                     225441  0.7  43.4
ed                     215829  0.7  44.1
es                     214536  0.7  44.8
va                     213639  0.7  45.4
on                     211121  0.7  46.1
ke                     210810  0.7  46.8
nt                     208468  0.7  47.5
be                     206958  0.7  48.1
di                     202222  0.7  48.8
oe                     196163  0.6  49.4
we                     191921  0.6  50.0
ri                     189090  0.6  50.6
no                     176944  0.6  51.2
ev                     176774  0.6  51.8
it                     174696  0.6  52.3
ns                     173786  0.6  52.9
na                     169494  0.5  53.4
ro                     169267  0.5  54.0
ei                     169139  0.5  54.5
ma                     168671  0.5  55.1
em                     162616  0.5  55.6
ra                     157017  0.5  56.1
ek                     148800  0.5  56.6
se                     148292  0.5  57.1
vo                     148187  0.5  57.5
eg                     147025  0.5  58.0
to                     143811  0.5  58.5
om                     137109  0.4  58.9
ta                     136071  0.4  59.4
op                     135387  0.4  59.8
ze                     133190  0.4  60.2
la                     130219  0.4  60.6
wa                     129230  0.4  61.1
zi                     128615  0.4  61.5
eb                     127482  0.4  61.9
nv                     127459  0.4  62.3
ik                     127138  0.4  62.7
nh                     118742  0.4  63.1
td                     115494  0.4  63.5
sc                     110629  0.4  63.8
rs                     108124  0.3  64.2
jk                     107552  0.3  64.5
ig                     106164  0.3  64.8
ui                     105488  0.3  65.2
je                     104252  0.3  65.5
mi                     102131  0.3  65.8
nn                     100198  0.3  66.2
nm                      98255  0.3  66.5
th                      96471  0.3  66.8
rt                      95657  0.3  67.1
ez                      95214  0.3  67.4
nw                      95045  0.3  67.7
ec                      94362  0.3  68.0
jn                      93631  0.3  68.3
do                      91864  0.3  68.6
pe                      91557  0.3  68.9
zo                      91188  0.3  69.2
ll                      90379  0.3  69.5
nk                      90365  0.3  69.8
ht                      88481  0.3  70.1
ew                      87586  0.3  70.4
ld                      87236  0.3  70.6
id                      86923  0.3  70.9
nz                      86006  0.3  71.2
si                      84853  0.3  71.5
ha                      83793  0.3  71.7
ts                      83467  0.3  72.0
mo                      83248  0.3  72.3
ls                      82691  0.3  72.5
ho                      82053  0.3  72.8
nb                      77502  0.2  73.0
ou                      76717  0.2  73.3
ea                      75334  0.2  73.5
ep                      74211  0.2  73.8
ol                      73516  0.2  74.0
tw                      72982  0.2  74.2
tv                      72596  0.2  74.5
lo                      71174  0.2  74.7
eo                      71058  0.2  74.9
ko                      70352  0.2  75.2
tr                      70101  0.2  75.4
ef                      69618  0.2  75.6
rg                      69567  0.2  75.8
wi                      69458  0.2  76.1
eh                      69377  0.2  76.3
as                      69189  0.2  76.5
wo                      68865  0.2  76.7
ur                      68792  0.2  76.9
ov                      67366  0.2  77.2
og                      67216  0.2  77.4
bi                      66673  0.2  77.6
ss                      65727  0.2  77.8
rm                      65533  0.2  78.0
ag                      65236  0.2  78.2
ka                      64936  0.2  78.4
pr                      64871  0.2  78.6
so                      64730  0.2  78.9
eu                      64475  0.2  79.1
rk                      63842  0.2  79.3
sd                      63204  0.2  79.5
tm                      63194  0.2  79.7
hi                      63139  0.2  79.9
ak                      61521  0.2  80.1
ok                      60972  0.2  80.3
ic                      60963  0.2  80.5
un                      60885  0.2  80.7
il                      59575  0.2  80.9
gr                      59430  0.2  81.0
ac                      59402  0.2  81.2
rh                      59186  0.2  81.4
ga                      57269  0.2  81.6
co                      57073  0.2  81.8
tt                      56726  0.2  82.0
am                      56629  0.2  82.2
kt                      56400  0.2  82.3
ot                      55914  0.2  82.5
tg                      55600  0.2  82.7
tu                      55085  0.2  82.9
of                      53651  0.2  83.1
ki                      52948  0.2  83.2
gi                      52720  0.2  83.4
tz                      52411  0.2  83.6
us                      52228  0.2  83.7
rv                      52138  0.2  83.9
sp                      50495  0.2  84.1
pa                      50342  0.2  84.2
nl                      49874  0.2  84.4
ad                      49181  0.2  84.5
rl                      48960  0.2  84.7
sa                      47897  0.2  84.9
rw                      47071  0.2  85.0
tb                      46272  0.1  85.2
rb                      46271  0.1  85.3
go                      45943  0.1  85.4
ru                      44602  0.1  85.6
rn                      44020  0.1  85.7
jd                      43494  0.1  85.9
vi                      42945  0.1  86.0
sv                      42865  0.1  86.1
ft                      42375  0.1  86.3
po                      42258  0.1  86.4
sm                      42135  0.1  86.6
tn                      41723  0.1  86.7
sh                      41117  0.1  86.8
du                      40811  0.1  87.0
ba                      40079  0.1  87.1
ct                      40018  0.1  87.2
dt                      39663  0.1  87.3
dd                      39379  0.1  87.5
rz                      39364  0.1  87.6
dr                      39086  0.1  87.7
uw                      38942  0.1  87.8
np                      37121  0.1  88.0
lt                      36916  0.1  88.1
oc                      36515  0.1  88.2
ds                      36439  0.1  88.3
sl                      36395  0.1  88.4
kk                      36192  0.1  88.6
nu                      35833  0.1  88.7
bo                      34790  0.1  88.8
nc                      34756  0.1  88.9
ud                      34703  0.1  89.0
tj                      34671  0.1  89.1
vr                      34266  0.1  89.2
af                      33764  0.1  89.3
os                      33428  0.1  89.4
od                      32595  0.1  89.5
hu                      31979  0.1  89.6
kd                      31547  0.1  89.7
fe                      31472  0.1  89.9
ap                      31067  0.1  90.0
bl                      30913  0.1  90.1
gd                      30574  0.1  90.1
ja                      30406  0.1  90.2
ul                      30226  0.1  90.3
br                      30094  0.1  90.4
kh                      30064  0.1  90.5
pl                      30022  0.1  90.6
lg                      29660  0.1  90.7
ku                      29048  0.1  90.8
sn                      28865  0.1  90.9
fi                      28523  0.1  91.0
ci                      28511  0.1  91.1
ce                      28046  0.1  91.2
md                      27940  0.1  91.3
gt                      27822  0.1  91.4
gv                      27820  0.1  91.5
kw                      27402  0.1  91.5
dv                      27352  0.1  91.6
lf                      27064  0.1  91.7
lu                      26839  0.1  91.8
nr                      26792  0.1  91.9
sw                      26301  0.1  92.0
im                      26062  0.1  92.1
nj                      26031  0.1  92.1
kv                      25753  0.1  92.2
za                      24814  0.1  92.3
lv                      24723  0.1  92.4
ut                      24576  0.1  92.5
sg                      24039  0.1  92.5
rr                      24023  0.1  92.6
mm                      23995  0.1  92.7
kr                      23953  0.1  92.8
kl                      23849  0.1  92.9
tk                      23825  0.1  92.9
ks                      23800  0.1  93.0
lk                      23602  0.1  93.1
ia                      23519  0.1  93.2
pi                      23456  0.1  93.2
gs                      23303  0.1  93.3
tl                      22851  0.1  93.4
sb                      22620  0.1  93.5
uk                      22597  0.1  93.5
dw                      22553  0.1  93.6
pd                      22520  0.1  93.7
fo                      22392  0.1  93.7
ob                      22012  0.1  93.8
kn                      21954  0.1  93.9
ai                      21892  0.1  94.0
bb                      21634  0.1  94.0
uu                      21357  0.1  94.1
jo                      21081  0.1  94.2
gg                      20897  0.1  94.2
sz                      20333  0.1  94.3
pt                      20267  0.1  94.4
io                      20261  0.1  94.4
lm                      20184  0.1  94.5
oi                      20062  0.1  94.6
kb                      19622  0.1  94.6
mt                      19537  0.1  94.7
pp                      19369  0.1  94.7
jv                      19322  0.1  94.8
tp                      19126  0.1  94.9
dh                      18995  0.1  94.9
iv                      18749  0.1  95.0
fd                      18738  0.1  95.0
nf                      18585  0.1  95.1
km                      18516  0.1  95.2
gh                      18385  0.1  95.2
su                      18325  0.1  95.3
ir                      17514  0.1  95.3
rp                      17502  0.1  95.4
um                      17191  0.1  95.5
mp                      16984  0.1  95.5
bu                      16572  0.1  95.6
ej                      16564  0.1  95.6
dm                      16349  0.1  95.7
gm                      16339  0.1  95.7
cr                      16156  0.1  95.8
au                      15961  0.1  95.8
sj                      15691  0.1  95.9
ca                      15638  0.1  95.9
ms                      15320  0.0  96.0
uc                      15271  0.0  96.0
kg                      14789  0.0  96.1
cu                      14775  0.0  96.1
kz                      14759  0.0  96.2
hr                      14738  0.0  96.2
pu                      14492  0.0  96.3
fa                      14332  0.0  96.3
jf                      14229  0.0  96.4
sk                      14179  0.0  96.4
dg                      13230  0.0  96.4
gn                      13214  0.0  96.5
dz                      12699  0.0  96.5
ex                      12653  0.0  96.6
db                      12510  0.0  96.6
js                      12497  0.0  96.6
ab                      12466  0.0  96.7
lh                      12463  0.0  96.7
av                      12371  0.0  96.8
ju                      12324  0.0  96.8
rj                      12319  0.0  96.8
lb                      12241  0.0  96.9
lw                      12199  0.0  96.9
fs                      12087  0.0  97.0
oa                      11972  0.0  97.0
gw                      11962  0.0  97.0
ff                      11869  0.0  97.1
fr                      11627  0.0  97.1
ug                      11562  0.0  97.2
ph                      11561  0.0  97.2
tc                      11512  0.0  97.2
ue                      11490  0.0  97.3
ip                      11221  0.0  97.3
jz                      11074  0.0  97.3
jg                      11069  0.0  97.4
pv                      10704  0.0  97.4
ps                      10624  0.0  97.4
ub                      10025  0.0  97.5
jh                       9934  0.0  97.5
ln                       9608  0.0  97.5
rc                       9511  0.0  97.6
dn                       9486  0.0  97.6
gz                       9376  0.0  97.6
pg                       9356  0.0  97.7
gb                       9326  0.0  97.7
lp                       9273  0.0  97.7
lz                       9172  0.0  97.7
mb                       8920  0.0  97.8
mh                       8882  0.0  97.8
ys                       8868  0.0  97.8
vl                       8640  0.0  97.9
mu                       8545  0.0  97.9
sy                       8479  0.0  97.9
mv                       8432  0.0  97.9
gl                       8388  0.0  98.0
ua                       8163  0.0  98.0
zu                       8123  0.0  98.0
fh                       8009  0.0  98.0
fg                       7997  0.0  98.1
ow                       7953  0.0  98.1
lj                       7917  0.0  98.1
dk                       7913  0.0  98.1
ji                       7854  0.0  98.2
uz                       7635  0.0  98.2
tf                       7528  0.0  98.2
kj                       7453  0.0  98.2
hn                       7443  0.0  98.3
ae                       7405  0.0  98.3
fl                       7330  0.0  98.3
cl                       7265  0.0  98.3
sr                       7176  0.0  98.4
gu                       7059  0.0  98.4
pm                       6880  0.0  98.4
pz                       6734  0.0  98.4
zw                       6544  0.0  98.5
ah                       6417  0.0  98.5
mg                       6350  0.0  98.5
fv                       5991  0.0  98.5
fw                       5979  0.0  98.5
if                       5813  0.0  98.5
mn                       5784  0.0  98.6
oz                       5710  0.0  98.6
ck                       5700  0.0  98.6
az                       5700  0.0  98.6
gk                       5616  0.0  98.6
rf                       5561  0.0  98.7
dj                       5503  0.0  98.7
jp                       5413  0.0  98.7
dp                       5401  0.0  98.7
jl                       5367  0.0  98.7
dl                       5344  0.0  98.7
mz                       5281  0.0  98.8
bt                       5223  0.0  98.8
jw                       5208  0.0  98.8
fu                       5167  0.0  98.8
up                       5163  0.0  98.8
wd                       5131  0.0  98.8
fm                       5109  0.0  98.9
iz                       5023  0.0  98.9
jm                       5007  0.0  98.9
ib                       4936  0.0  98.9
bs                       4825  0.0  98.9
pb                       4762  0.0  98.9
mw                       4613  0.0  99.0
fb                       4595  0.0  99.0
jt                       4563  0.0  99.0
sf                       4532  0.0  99.0
jb                       4501  0.0  99.0
oh                       4474  0.0  99.0
ws                       4464  0.0  99.0
pw                       4462  0.0  99.1
fn                       4447  0.0  99.1
fz                       4330  0.0  99.1
ao                       4192  0.0  99.1
aw                       4178  0.0  99.1
gj                       4148  0.0  99.1
yp                       4136  0.0  99.1
cc                       4128  0.0  99.2
kp                       4121  0.0  99.2
pj                       3986  0.0  99.2
ly                       3961  0.0  99.2
ty                       3933  0.0  99.2
xt                       3817  0.0  99.2
dc                       3806  0.0  99.2
pn                       3748  0.0  99.2
hd                       3619  0.0  99.3
xp                       3609  0.0  99.3
vu                       3600  0.0  99.3
qu                       3562  0.0  99.3
uh                       3546  0.0  99.3
hm                       3283  0.0  99.3
gp                       3197  0.0  99.3
fj                       3189  0.0  99.3
mk                       3113  0.0  99.3
bj                       3105  0.0  99.4
pk                       3105  0.0  99.4
hz                       3104  0.0  99.4
ry                       3099  0.0  99.4
uv                       2997  0.0  99.4
yo                       2994  0.0  99.4
lr                       2969  0.0  99.4
fk                       2928  0.0  99.4
hv                       2907  0.0  99.4
cy                       2879  0.0  99.4
ey                       2869  0.0  99.4
lc                       2810  0.0  99.5
uo                       2798  0.0  99.5
wu                       2558  0.0  99.5
vd                       2522  0.0  99.5
ml                       2495  0.0  99.5
ii                       2470  0.0  99.5
hw                       2432  0.0  99.5
wh                       2399  0.0  99.5
hb                       2353  0.0  99.5
mj                       2335  0.0  99.5
oj                       2326  0.0  99.5
hg                       2304  0.0  99.5
yn                       2289  0.0  99.6
ay                       2281  0.0  99.6
ye                       2245  0.0  99.6
vs                       2174  0.0  99.6
yc                       2174  0.0  99.6
ym                       2160  0.0  99.6
iu                       2142  0.0  99.6
xi                       2139  0.0  99.6
ih                       2128  0.0  99.6
aj                       2111  0.0  99.6
by                       2042  0.0  99.6
hy                       1986  0.0  99.6
hh                       1954  0.0  99.6
yt                       1866  0.0  99.6
df                       1840  0.0  99.6
mr                       1834  0.0  99.7
uj                       1827  0.0  99.7
bv                       1799  0.0  99.7
ww                       1784  0.0  99.7
hs                       1747  0.0  99.7
wb                       1738  0.0  99.7
ya                       1702  0.0  99.7
yb                       1688  0.0  99.7
wt                       1666  0.0  99.7
yi                       1659  0.0  99.7
xe                       1650  0.0  99.7
wv                       1637  0.0  99.7
bd                       1629  0.0  99.7
fp                       1575  0.0  99.7
uf                       1568  0.0  99.7
kc                       1562  0.0  99.7
kf                       1421  0.0  99.7
ny                       1415  0.0  99.7
bw                       1387  0.0  99.7
gc                       1383  0.0  99.7
wr                       1372  0.0  99.8
vv                       1363  0.0  99.8
iw                       1353  0.0  99.8
eq                       1345  0.0  99.8
xc                       1344  0.0  99.8
bh                       1319  0.0  99.8
yd                       1318  0.0  99.8
jj                       1289  0.0  99.8
xa                       1251  0.0  99.8
bn                       1251  0.0  99.8
wm                       1224  0.0  99.8
ax                       1219  0.0  99.8
yr                       1208  0.0  99.8
bg                       1197  0.0  99.8
wn                       1191  0.0  99.8
hl                       1179  0.0  99.8
wl                       1168  0.0  99.8
pc                       1165  0.0  99.8
mc                       1094  0.0  99.8
my                       1091  0.0  99.8
dy                       1090  0.0  99.8
cd                       1085  0.0  99.8
mf                       1074  0.0  99.8
pf                       1031  0.0  99.8
bm                       1024  0.0  99.8
zn                       1001  0.0  99.8
cs                        992  0.0  99.9
gf                        986  0.0  99.9
yl                        985  0.0  99.9
fc                        983  0.0  99.9
ox                        974  0.0  99.9
yv                        934  0.0  99.9
zz                        923  0.0  99.9
yw                        913  0.0  99.9
hp                        896  0.0  99.9
vn                        847  0.0  99.9
wk                        840  0.0  99.9
hk                        833  0.0  99.9
jr                        819  0.0  99.9
oy                        805  0.0  99.9
bz                        786  0.0  99.9
wg                        772  0.0  99.9
yh                        746  0.0  99.9
gy                        743  0.0  99.9
wz                        686  0.0  99.9
ux                        679  0.0  99.9
bp                        643  0.0  99.9
ix                        628  0.0  99.9
yg                        613  0.0  99.9
fy                        613  0.0  99.9
py                        604  0.0  99.9
uy                        603  0.0  99.9
cm                        602  0.0  99.9
zp                        601  0.0  99.9
hj                        599  0.0  99.9
cb                        597  0.0  99.9
ky                        572  0.0  99.9
nq                        554  0.0  99.9
wp                        554  0.0  99.9
hc                        543  0.0  99.9
iq                        521  0.0  99.9
vm                        519  0.0  99.9
vp                        506  0.0  99.9
wy                        483  0.0  99.9
cv                        464  0.0  99.9
cn                        464  0.0  99.9
cw                        453  0.0  99.9
vw                        452  0.0  99.9
jc                        449  0.0  99.9
yf                        420  0.0  99.9
vh                        416  0.0  99.9
sq                        408  0.0  99.9
bc                        408  0.0 100.0
cq                        394  0.0 100.0
xo                        390  0.0 100.0
hf                        375  0.0 100.0
wc                        370  0.0 100.0
yk                        368  0.0 100.0
yz                        360  0.0 100.0
bk                        349  0.0 100.0
zd                        342  0.0 100.0
cp                        333  0.0 100.0
cz                        331  0.0 100.0
zl                        327  0.0 100.0
xd                        325  0.0 100.0
vg                        317  0.0 100.0
rx                        316  0.0 100.0
xv                        314  0.0 100.0
vk                        301  0.0 100.0
vb                        300  0.0 100.0
vt                        297  0.0 100.0
cg                        294  0.0 100.0
wf                        288  0.0 100.0
vj                        280  0.0 100.0
vz                        258  0.0 100.0
xw                        244  0.0 100.0
zg                        241  0.0 100.0
xb                        237  0.0 100.0
nx                        224  0.0 100.0
wj                        220  0.0 100.0
yj                        217  0.0 100.0
xm                        217  0.0 100.0
xh                        215  0.0 100.0
qa                        201  0.0 100.0
iy                        200  0.0 100.0
yu                        196  0.0 100.0
zs                        194  0.0 100.0
tq                        185  0.0 100.0
zh                        176  0.0 100.0
xu                        176  0.0 100.0
zb                        169  0.0 100.0
zm                        168  0.0 100.0
aq                        165  0.0 100.0
cj                        158  0.0 100.0
lq                        153  0.0 100.0
zv                        153  0.0 100.0
xs                        152  0.0 100.0
xg                        151  0.0 100.0
cf                        146  0.0 100.0
xz                        146  0.0 100.0
xy                        133  0.0 100.0
zk                        130  0.0 100.0
vc                        129  0.0 100.0
xl                        129  0.0 100.0
zt                        126  0.0 100.0
xn                        125  0.0 100.0
rq                        122  0.0 100.0
zy                        117  0.0 100.0
xf                        117  0.0 100.0
xk                        105  0.0 100.0
zj                         96  0.0 100.0
xx                         93  0.0 100.0
tx                         86  0.0 100.0
sx                         85  0.0 100.0
bf                         80  0.0 100.0
zr                         73  0.0 100.0
xr                         73  0.0 100.0
vf                         67  0.0 100.0
dq                         66  0.0 100.0
yy                         65  0.0 100.0
oq                         60  0.0 100.0
vy                         60  0.0 100.0
dx                         57  0.0 100.0
kq                         55  0.0 100.0
xj                         51  0.0 100.0
zc                         50  0.0 100.0
zf                         50  0.0 100.0
gq                         49  0.0 100.0
qi                         44  0.0 100.0
kx                         44  0.0 100.0
qh                         40  0.0 100.0
hq                         38  0.0 100.0
qd                         38  0.0 100.0
qe                         38  0.0 100.0
qk                         37  0.0 100.0
lx                         31  0.0 100.0
qv                         29  0.0 100.0
qt                         29  0.0 100.0
qw                         27  0.0 100.0
pq                         25  0.0 100.0
px                         23  0.0 100.0
qs                         22  0.0 100.0
qm                         22  0.0 100.0
gx                         22  0.0 100.0
qo                         22  0.0 100.0
qp                         20  0.0 100.0
qb                         18  0.0 100.0
ql                         18  0.0 100.0
jy                         18  0.0 100.0
qr                         17  0.0 100.0
zq                         15  0.0 100.0
mx                         15  0.0 100.0
qz                         14  0.0 100.0
mq                         13  0.0 100.0
fq                         13  0.0 100.0
hx                         12  0.0 100.0
qg                         12  0.0 100.0
fx                         12  0.0 100.0
yq                         12  0.0 100.0
uq                         11  0.0 100.0
bq                         11  0.0 100.0
cx                          9  0.0 100.0
xq                          9  0.0 100.0
qn                          8  0.0 100.0
bx                          6  0.0 100.0
qc                          6  0.0 100.0
jq                          6  0.0 100.0
yx                          6  0.0 100.0
jx                          6  0.0 100.0
qf                          5  0.0 100.0
qq                          4  0.0 100.0
wx                          4  0.0 100.0
vx                          4  0.0 100.0
qj                          3  0.0 100.0
zx                          3  0.0 100.0
vq                          2  0.0 100.0
wq                          2  0.0 100.0
qx                          1  0.0 100.0
qy                          1  0.0 100.0

#data character_pair_frequency_data=>[qw(en er de an ee te nd et ge ie aa el in ij he re at st ar oo or ti ve le ne me da al ni ng is li ch rd ed es va on ke nt be di oe we ri no ev it ns na ro ei ma em ra ek se vo eg to om ta op ze la wa zi eb nv ik nh td sc rs jk ig ui je mi nn nm th rt ez nw ec jn do pe zo ll nk ht ew ld id nz si ha ts mo ls ho nb ou ea ep ol tw tv lo eo ko tr ef rg wi eh as wo ur ov og bi ss rm ag ka pr so eu rk sd tm hi ak ok ic un il gr ac rh ga co tt am kt ot tg tu of ki gi tz us rv sp pa nl ad rl sa rw tb rb go ru rn jd vi sv ft po sm tn sh du ba ct dt dd rz dr uw np lt oc ds sl kk nu bo nc ud tj vr af os od hu kd fe ap bl gd ja ul br kh pl lg ku sn fi ci ce md gt gv kw dv lf lu nr sw im nj kv za lv ut sg rr mm kr kl tk ks lk ia pi gs tl sb uk dw pd fo ob kn ai bb uu jo gg sz pt io lm oi kb mt pp jv tp dh iv fd nf km gh su ir rp um mp bu ej dm gm cr au sj ca ms uc kg cu kz hr pu fa jf sk dg gn dz ex db js ab lh av ju rj lb lw fs oa gw ff fr ug ph tc ue ip jz jg pv ps ub jh ln rc dn gz pg gb lp lz mb mh ys vl mu sy mv gl ua zu fh fg ow lj dk ji uz tf kj hn ae fl cl sr gu pm pz zw ah mg fv fw if mn oz ck az gk rf dj jp dp jl dl mz bt jw fu up wd fm iz jm ib bs pb mw fb jt sf jb oh ws pw fn fz ao aw gj yp cc kp pj ly ty xt dc pn hd xp vu qu uh hm gp fj mk bj pk hz ry uv yo lr fk hv cy ey lc uo wu vd ml ii hw wh hb mj oj hg yn ay ye vs yc ym iu xi ih aj by hy hh yt df mr uj bv ww hs wb ya yb wt yi xe wv bd fp uf kc kf ny bw gc wr vv iw eq xc bh yd jj xa bn wm ax yr bg wn hl wl pc mc my dy cd mf pf bm zn cs gf yl fc ox yv zz yw hp vn wk hk jr oy bz wg yh gy wz ux bp ix yg fy py uy cm zp hj cb ky nq wp hc iq vm vp wy cv cn cw vw jc yf vh sq bc cq xo hf wc yk yz bk zd cp cz zl xd vg rx xv vk vb vt cg wf vj vz xw zg xb nx wj yj xm xh qa iy yu zs tq zh xu zb zm aq cj lq zv xs xg cf xz xy zk vc xl zt xn rq zy xf xk zj xx tx sx bf zr xr vf dq yy oq vy dx kq xj zc zf gq qi kx qh hq qd qe qk lx qv qt qw pq px qs qm gx qo qp qb ql jy qr zq mx qz mq fq hx qg fx yq uq bq cx xq qn bx qc jq yx jx qf qq wx vx qj zx vq wq qx qy)],
#data character_pair_frequency_frequency=>[0.045,0.027,0.024,0.018,0.017,0.017,0.016,0.016,0.014,0.014,0.014,0.014,0.013,0.012,0.011,0.010,0.010,0.009,0.009,0.009,0.009,0.009,0.009,0.009,0.008,0.008,0.008,0.008,0.008,0.008,0.008,0.007,0.007,0.007,0.007,0.007,0.007,0.007,0.007,0.007,0.007,0.007,0.006,0.006,0.006,0.006,0.006,0.006,0.006,0.005,0.005,0.005,0.005,0.005,0.005,0.005,0.005,0.005,0.005,0.005,0.004,0.004,0.004,0.004,0.004,0.004,0.004,0.004,0.004,0.004,0.004,0.004,0.004,0.003,0.003,0.003,0.003,0.003,0.003,0.003,0.003,0.003,0.003,0.003,0.003,0.003,0.003,0.003,0.003,0.003,0.003,0.003,0.003,0.003,0.003,0.003,0.003,0.003,0.003,0.003,0.003,0.003,0.003,0.002,0.002,0.002,0.002,0.002,0.002,0.002,0.002,0.002,0.002,0.002,0.002,0.002,0.002,0.002,0.002,0.002,0.002,0.002,0.002,0.002,0.002,0.002,0.002,0.002,0.002,0.002,0.002,0.002,0.002,0.002,0.002,0.002,0.002,0.002,0.002,0.002,0.002,0.002,0.002,0.002,0.002,0.002,0.002,0.002,0.002,0.002,0.002,0.002,0.002,0.002,0.002,0.002,0.002,0.002,0.002,0.002,0.002,0.002,0.002,0.002,0.001,0.001,0.001,0.001,0.001,0.001,0.001,0.001,0.001,0.001,0.001,0.001,0.001,0.001,0.001,0.001,0.001,0.001,0.001,0.001,0.001,0.001,0.001,0.001,0.001,0.001,0.001,0.001,0.001,0.001,0.001,0.001,0.001,0.001,0.001,0.001,0.001,0.001,0.001,0.001,0.001,0.001,0.001,0.001,0.001,0.001,0.001,0.001,0.001,0.001,0.001,0.001,0.001,0.001,0.001,0.001,0.001,0.001,0.001,0.001,0.001,0.001,0.001,0.001,0.001,0.001,0.001,0.001,0.001,0.001,0.001,0.001,0.001,0.001,0.001,0.001,0.001,0.001,0.001,0.001,0.001,0.001,0.001,0.001,0.001,0.001,0.001,0.001,0.001,0.001,0.001,0.001,0.001,0.001,0.001,0.001,0.001,0.001,0.001,0.001,0.001,0.001,0.001,0.001,0.001,0.001,0.001,0.001,0.001,0.001,0.001,0.001,0.001,0.001,0.001,0.001,0.001,0.001,0.001,0.001,0.001,0.000,0.000,0.000,0.000,0.000,0.000,0.000,0.000,0.000,0.000,0.000,0.000,0.000,0.000,0.000,0.000,0.000,0.000,0.000,0.000,0.000,0.000,0.000,0.000,0.000,0.000,0.000,0.000,0.000,0.000,0.000,0.000,0.000,0.000,0.000,0.000,0.000,0.000,0.000,0.000,0.000,0.000,0.000,0.000,0.000,0.000,0.000,0.000,0.000,0.000,0.000,0.000,0.000,0.000,0.000,0.000,0.000,0.000,0.000,0.000,0.000,0.000,0.000,0.000,0.000,0.000,0.000,0.000,0.000,0.000,0.000,0.000,0.000,0.000,0.000,0.000,0.000,0.000,0.000,0.000,0.000,0.000,0.000,0.000,0.000,0.000,0.000,0.000,0.000,0.000,0.000,0.000,0.000,0.000,0.000,0.000,0.000,0.000,0.000,0.000,0.000,0.000,0.000,0.000,0.000,0.000,0.000,0.000,0.000,0.000,0.000,0.000,0.000,0.000,0.000,0.000,0.000,0.000,0.000,0.000,0.000,0.000,0.000,0.000,0.000,0.000,0.000,0.000,0.000,0.000,0.000,0.000,0.000,0.000,0.000,0.000,0.000,0.000,0.000,0.000,0.000,0.000,0.000,0.000,0.000,0.000,0.000,0.000,0.000,0.000,0.000,0.000,0.000,0.000,0.000,0.000,0.000,0.000,0.000,0.000,0.000,0.000,0.000,0.000,0.000,0.000,0.000,0.000,0.000,0.000,0.000,0.000,0.000,0.000,0.000,0.000,0.000,0.000,0.000,0.000,0.000,0.000,0.000,0.000,0.000,0.000,0.000,0.000,0.000,0.000,0.000,0.000,0.000,0.000,0.000,0.000,0.000,0.000,0.000,0.000,0.000,0.000,0.000,0.000,0.000,0.000,0.000,0.000,0.000,0.000,0.000,0.000,0.000,0.000,0.000,0.000,0.000,0.000,0.000,0.000,0.000,0.000,0.000,0.000,0.000,0.000,0.000,0.000,0.000,0.000,0.000,0.000,0.000,0.000,0.000,0.000,0.000,0.000,0.000,0.000,0.000,0.000,0.000,0.000,0.000,0.000,0.000,0.000,0.000,0.000,0.000,0.000,0.000,0.000,0.000,0.000,0.000,0.000,0.000,0.000,0.000,0.000,0.000,0.000,0.000,0.000,0.000,0.000,0.000,0.000,0.000,0.000,0.000,0.000,0.000,0.000,0.000,0.000,0.000,0.000,0.000,0.000,0.000,0.000,0.000,0.000,0.000,0.000,0.000,0.000,0.000,0.000,0.000,0.000,0.000,0.000,0.000,0.000,0.000,0.000,0.000,0.000,0.000,0.000,0.000,0.000,0.000,0.000,0.000,0.000,0.000,0.000,0.000,0.000,0.000,0.000,0.000,0.000,0.000,0.000,0.000,0.000,0.000,0.000,0.000,0.000,0.000,0.000,0.000,0.000,0.000,0.000,0.000,0.000,0.000,0.000,0.000,0.000,0.000,0.000,0.000,0.000,0.000,0.000,0.000,0.000,0.000,0.000,0.000,0.000,0.000,0.000,0.000,0.000,0.000,0.000,0.000,0.000,0.000,0.000,0.000,0.000,0.000,0.000,0.000,0.000,0.000,0.000,0.000,0.000,0.000,0.000,0.000,0.000,0.000,0.000,0.000,0.000,0.000,0.000,0.000,0.000,0.000,0.000,0.000,0.000,0.000,0.000,0.000,0.000,0.000],
#data character_pair_frequency_cumulative=>[0.045,0.072,0.096,0.114,0.131,0.148,0.164,0.180,0.195,0.209,0.223,0.237,0.250,0.262,0.274,0.284,0.293,0.303,0.312,0.321,0.329,0.338,0.347,0.355,0.364,0.372,0.380,0.388,0.396,0.404,0.412,0.419,0.426,0.434,0.441,0.448,0.454,0.461,0.468,0.475,0.481,0.488,0.494,0.500,0.506,0.512,0.518,0.523,0.529,0.534,0.540,0.545,0.551,0.556,0.561,0.566,0.571,0.575,0.580,0.585,0.589,0.594,0.598,0.602,0.606,0.611,0.615,0.619,0.623,0.627,0.631,0.635,0.638,0.642,0.645,0.648,0.652,0.655,0.658,0.662,0.665,0.668,0.671,0.674,0.677,0.680,0.683,0.686,0.689,0.692,0.695,0.698,0.701,0.704,0.706,0.709,0.712,0.715,0.717,0.720,0.723,0.725,0.728,0.730,0.733,0.735,0.738,0.740,0.742,0.745,0.747,0.749,0.752,0.754,0.756,0.758,0.761,0.763,0.765,0.767,0.769,0.772,0.774,0.776,0.778,0.780,0.782,0.784,0.786,0.789,0.791,0.793,0.795,0.797,0.799,0.801,0.803,0.805,0.807,0.809,0.810,0.812,0.814,0.816,0.818,0.820,0.822,0.823,0.825,0.827,0.829,0.831,0.832,0.834,0.836,0.837,0.839,0.841,0.842,0.844,0.845,0.847,0.849,0.850,0.852,0.853,0.854,0.856,0.857,0.859,0.860,0.861,0.863,0.864,0.866,0.867,0.868,0.870,0.871,0.872,0.873,0.875,0.876,0.877,0.878,0.880,0.881,0.882,0.883,0.884,0.886,0.887,0.888,0.889,0.890,0.891,0.892,0.893,0.894,0.895,0.896,0.897,0.899,0.900,0.901,0.901,0.902,0.903,0.904,0.905,0.906,0.907,0.908,0.909,0.910,0.911,0.912,0.913,0.914,0.915,0.915,0.916,0.917,0.918,0.919,0.920,0.921,0.921,0.922,0.923,0.924,0.925,0.925,0.926,0.927,0.928,0.929,0.929,0.930,0.931,0.932,0.932,0.933,0.934,0.935,0.935,0.936,0.937,0.937,0.938,0.939,0.940,0.940,0.941,0.942,0.942,0.943,0.944,0.944,0.945,0.946,0.946,0.947,0.947,0.948,0.949,0.949,0.950,0.950,0.951,0.952,0.952,0.953,0.953,0.954,0.955,0.955,0.956,0.956,0.957,0.957,0.958,0.958,0.959,0.959,0.960,0.960,0.961,0.961,0.962,0.962,0.963,0.963,0.964,0.964,0.964,0.965,0.965,0.966,0.966,0.966,0.967,0.967,0.968,0.968,0.968,0.969,0.969,0.970,0.970,0.970,0.971,0.971,0.972,0.972,0.972,0.973,0.973,0.973,0.974,0.974,0.974,0.975,0.975,0.975,0.976,0.976,0.976,0.977,0.977,0.977,0.977,0.978,0.978,0.978,0.979,0.979,0.979,0.979,0.980,0.980,0.980,0.980,0.981,0.981,0.981,0.981,0.982,0.982,0.982,0.982,0.983,0.983,0.983,0.983,0.984,0.984,0.984,0.984,0.985,0.985,0.985,0.985,0.985,0.985,0.986,0.986,0.986,0.986,0.986,0.987,0.987,0.987,0.987,0.987,0.987,0.988,0.988,0.988,0.988,0.988,0.988,0.989,0.989,0.989,0.989,0.989,0.989,0.990,0.990,0.990,0.990,0.990,0.990,0.990,0.991,0.991,0.991,0.991,0.991,0.991,0.991,0.992,0.992,0.992,0.992,0.992,0.992,0.992,0.992,0.993,0.993,0.993,0.993,0.993,0.993,0.993,0.993,0.993,0.994,0.994,0.994,0.994,0.994,0.994,0.994,0.994,0.994,0.994,0.994,0.995,0.995,0.995,0.995,0.995,0.995,0.995,0.995,0.995,0.995,0.995,0.995,0.996,0.996,0.996,0.996,0.996,0.996,0.996,0.996,0.996,0.996,0.996,0.996,0.996,0.996,0.996,0.997,0.997,0.997,0.997,0.997,0.997,0.997,0.997,0.997,0.997,0.997,0.997,0.997,0.997,0.997,0.997,0.997,0.997,0.997,0.997,0.998,0.998,0.998,0.998,0.998,0.998,0.998,0.998,0.998,0.998,0.998,0.998,0.998,0.998,0.998,0.998,0.998,0.998,0.998,0.998,0.998,0.998,0.998,0.998,0.998,0.998,0.999,0.999,0.999,0.999,0.999,0.999,0.999,0.999,0.999,0.999,0.999,0.999,0.999,0.999,0.999,0.999,0.999,0.999,0.999,0.999,0.999,0.999,0.999,0.999,0.999,0.999,0.999,0.999,0.999,0.999,0.999,0.999,0.999,0.999,0.999,0.999,0.999,0.999,0.999,0.999,0.999,0.999,0.999,0.999,0.999,0.999,1.000,1.000,1.000,1.000,1.000,1.000,1.000,1.000,1.000,1.000,1.000,1.000,1.000,1.000,1.000,1.000,1.000,1.000,1.000,1.000,1.000,1.000,1.000,1.000,1.000,1.000,1.000,1.000,1.000,1.000,1.000,1.000,1.000,1.000,1.000,1.000,1.000,1.000,1.000,1.000,1.000,1.000,1.000,1.000,1.000,1.000,1.000,1.000,1.000,1.000,1.000,1.000,1.000,1.000,1.000,1.000,1.000,1.000,1.000,1.000,1.000,1.000,1.000,1.000,1.000,1.000,1.000,1.000,1.000,1.000,1.000,1.000,1.000,1.000,1.000,1.000,1.000,1.000,1.000,1.000,1.000,1.000,1.000,1.000,1.000,1.000,1.000,1.000,1.000,1.000,1.000,1.000,1.000,1.000,1.000,1.000,1.000,1.000,1.000,1.000,1.000,1.000,1.000,1.000,1.000,1.000,1.000,1.000,1.000,1.000,1.000,1.000,1.000,1.000,1.000,1.000,1.000,1.000,1.000,1.000,1.000,1.000,1.000,1.000,1.000,1.000,1.000],

