------------------------------------------------------------
` 1 2 3 4 5 6 7 8 9 0 - =     ~ ! @ # $ % ^ & * ( ) _ +
. u o p y x c l b v [ ] \     > U O P Y X C L B V { } |
a i e n h m d r t s '         A I E N H M D R T S "
: , ? k q f g w j z           ; < / K Q F G W J Z
------------------------------------------------------------
Keyboard effort
------------------------------------------------------------
k1                      0.833  72.1  72.1
k1,k2                   1.103  23.3  95.4
k1,k2,k3                1.155   4.6 100.0
b                       0.322  17.0  17.0
p                       0.833  43.8 138.7
ph                      0.000   0.0   0.0
pr                      0.189  22.6  22.6
pf                      0.540  64.8  87.5
s                       0.746  39.2 100.0
all                     1.901 100.0 100.0

#data effort_k1=>[0.833,72.103,72.103],
#data effort_k12=>[1.103,23.335,95.438],
#data effort_k123=>[1.155,4.562,100.000],
#data effort_base=>[0.322,16.952,16.952],
#data effort_penalty=>[0.833,43.814,138.690],
#data effort_penalty_hand=>[0.000,0.000,0.000],
#data effort_penalty_row=>[0.189,22.628,22.628],
#data effort_penalty_finger=>[0.540,64.829,87.458],
#data effort_path=>[0.746,39.234,100.000],
#data effort_all=>[1.901,100.000,100.000],

keyboard row frequency
------------------------------------------------------------
1                     5794431 18.9  18.9
2                    21532764 70.2  89.0
3                     3363189 11.0 100.0

#data row_data=>[qw(1 2 3)],
#data row_frequency=>[0.189,0.702,0.110],
#data row_cumulative=>[0.189,0.890,1.000],

keyboard hand frequency
------------------------------------------------------------
0                    17619610 57.4  57.4
1                    13070774 42.6 100.0

#data hand_data=>[qw(0 1)],
#data hand_frequency=>[0.574,0.426],
#data hand_cumulative=>[0.574,1.000],

keyboard finger frequency
------------------------------------------------------------
0                     2326252  7.6   7.6
1                     2752428  9.0  16.5
2                     7551875 24.6  41.2
3                     4989055 16.3  57.4
6                     4039896 13.2  70.6
7                     3593813 11.7  82.3
8                     3054823 10.0  92.2
9                     2382242  7.8 100.0

#data finger_data=>[qw(0 1 2 3 6 7 8 9)],
#data finger_frequency=>[0.076,0.090,0.246,0.163,0.132,0.117,0.100,0.078],
#data finger_cumulative=>[0.076,0.165,0.412,0.574,0.706,0.823,0.922,1.000],

keyboard left hand run length
------------------------------------------------------------
1                     4391366 47.9  47.9
2                     2807419 30.6  78.5
3                      968517 10.6  89.0
4                      515189  5.6  94.6
5                      264008  2.9  97.5
6                      113228  1.2  98.8
7                       59913  0.7  99.4
8                       29989  0.3  99.7
9                       12426  0.1  99.9
10                       6369  0.1  99.9
11                       2976  0.0 100.0
12                       1167  0.0 100.0
13                        625  0.0 100.0
14                        306  0.0 100.0
15                        125  0.0 100.0
16                         58  0.0 100.0
17                         39  0.0 100.0
18                         17  0.0 100.0
19                         11  0.0 100.0
20                          3  0.0 100.0
21                          1  0.0 100.0
22                          2  0.0 100.0
24                          1  0.0 100.0
26                          1  0.0 100.0
28                          1  0.0 100.0
49                          1  0.0 100.0

#data left_hand_run_data=>[qw(1 2 3 4 5 6 7 8 9 10 11 12 13 14 15 16 17 18 19 20 21 22 24 26 28 49)],
#data left_hand_run_frequency=>[0.479,0.306,0.106,0.056,0.029,0.012,0.007,0.003,0.001,0.001,0.000,0.000,0.000,0.000,0.000,0.000,0.000,0.000,0.000,0.000,0.000,0.000,0.000,0.000,0.000,0.000],
#data left_hand_run_cumulative=>[0.479,0.785,0.890,0.946,0.975,0.988,0.994,0.997,0.999,0.999,1.000,1.000,1.000,1.000,1.000,1.000,1.000,1.000,1.000,1.000,1.000,1.000,1.000,1.000,1.000,1.000],

keyboard right hand run length
------------------------------------------------------------
1                     5791620 63.1  63.1
2                     2801635 30.5  93.7
3                      515435  5.6  99.3
4                       60159  0.7  99.9
5                        4251  0.0 100.0
6                         519  0.0 100.0
7                          97  0.0 100.0
8                          19  0.0 100.0
9                          12  0.0 100.0
10                          6  0.0 100.0
11                          2  0.0 100.0
12                          2  0.0 100.0
15                          1  0.0 100.0

#data right_hand_run_data=>[qw(1 2 3 4 5 6 7 8 9 10 11 12 15)],
#data right_hand_run_frequency=>[0.631,0.305,0.056,0.007,0.000,0.000,0.000,0.000,0.000,0.000,0.000,0.000,0.000],
#data right_hand_run_cumulative=>[0.631,0.937,0.993,0.999,1.000,1.000,1.000,1.000,1.000,1.000,1.000,1.000,1.000],

keyboard hand run length
------------------------------------------------------------
1                    10182986 55.5  55.5
2                     5609054 30.6  86.1
3                     1483952  8.1  94.2
4                      575348  3.1  97.3
5                      268259  1.5  98.8
6                      113747  0.6  99.4
7                       60010  0.3  99.7
8                       30008  0.2  99.9
9                       12438  0.1  99.9
10                       6375  0.0 100.0
11                       2978  0.0 100.0
12                       1169  0.0 100.0
13                        625  0.0 100.0
14                        306  0.0 100.0
15                        126  0.0 100.0
16                         58  0.0 100.0
17                         39  0.0 100.0
18                         17  0.0 100.0
19                         11  0.0 100.0
20                          3  0.0 100.0
21                          1  0.0 100.0
22                          2  0.0 100.0
24                          1  0.0 100.0
26                          1  0.0 100.0
28                          1  0.0 100.0
49                          1  0.0 100.0

#data all_hand_run_data=>[qw(1 2 3 4 5 6 7 8 9 10 11 12 13 14 15 16 17 18 19 20 21 22 24 26 28 49)],
#data all_hand_run_frequency=>[0.555,0.306,0.081,0.031,0.015,0.006,0.003,0.002,0.001,0.000,0.000,0.000,0.000,0.000,0.000,0.000,0.000,0.000,0.000,0.000,0.000,0.000,0.000,0.000,0.000,0.000],
#data all_hand_run_cumulative=>[0.555,0.861,0.942,0.973,0.988,0.994,0.997,0.999,0.999,1.000,1.000,1.000,1.000,1.000,1.000,1.000,1.000,1.000,1.000,1.000,1.000,1.000,1.000,1.000,1.000,1.000],

keyboard top row run length
------------------------------------------------------------
1                     3145726 73.0  73.0
2                      863748 20.0  93.0
3                      250479  5.8  98.9
4                       40053  0.9  99.8
5                        7494  0.2 100.0
6                        1397  0.0 100.0
7                         327  0.0 100.0
8                          67  0.0 100.0
9                          20  0.0 100.0
10                          9  0.0 100.0
11                          2  0.0 100.0

#data t_row_run_data=>[qw(1 2 3 4 5 6 7 8 9 10 11)],
#data t_row_run_frequency=>[0.730,0.200,0.058,0.009,0.002,0.000,0.000,0.000,0.000,0.000,0.000],
#data t_row_run_cumulative=>[0.730,0.930,0.989,0.998,1.000,1.000,1.000,1.000,1.000,1.000,1.000],

keyboard home row run length
------------------------------------------------------------
1                     1892591 29.9  29.9
2                     1272530 20.1  49.9
3                      843921 13.3  63.2
4                      725457 11.4  74.7
5                      477320  7.5  82.2
6                      321589  5.1  87.3
7                      230888  3.6  90.9
8                      164359  2.6  93.5
9                      120175  1.9  95.4
10                      83321  1.3  96.7
11                      59008  0.9  97.7
12                      42576  0.7  98.3
13                      30652  0.5  98.8
14                      21527  0.3  99.1
15                      15359  0.2  99.4
16                      10787  0.2  99.6
17                       7772  0.1  99.7
18                       5753  0.1  99.8
19                       4053  0.1  99.8
20                       2893  0.0  99.9
21                       2076  0.0  99.9
22                       1456  0.0  99.9
23                       1065  0.0 100.0
24                        770  0.0 100.0
25                        573  0.0 100.0
26                        427  0.0 100.0
27                        284  0.0 100.0
28                        199  0.0 100.0
29                        135  0.0 100.0
30                         93  0.0 100.0
31                         99  0.0 100.0
32                         54  0.0 100.0
33                         42  0.0 100.0
34                         29  0.0 100.0
35                          9  0.0 100.0
36                         18  0.0 100.0
37                         14  0.0 100.0
38                          7  0.0 100.0
39                          5  0.0 100.0
40                          4  0.0 100.0
41                          3  0.0 100.0
42                          5  0.0 100.0
43                          3  0.0 100.0
44                          2  0.0 100.0

#data h_row_run_data=>[qw(1 2 3 4 5 6 7 8 9 10 11 12 13 14 15 16 17 18 19 20 21 22 23 24 25 26 27 28 29 30 31 32 33 34 35 36 37 38 39 40 41 42 43 44)],
#data h_row_run_frequency=>[0.299,0.201,0.133,0.114,0.075,0.051,0.036,0.026,0.019,0.013,0.009,0.007,0.005,0.003,0.002,0.002,0.001,0.001,0.001,0.000,0.000,0.000,0.000,0.000,0.000,0.000,0.000,0.000,0.000,0.000,0.000,0.000,0.000,0.000,0.000,0.000,0.000,0.000,0.000,0.000,0.000,0.000,0.000,0.000],
#data h_row_run_cumulative=>[0.299,0.499,0.632,0.747,0.822,0.873,0.909,0.935,0.954,0.967,0.977,0.983,0.988,0.991,0.994,0.996,0.997,0.998,0.998,0.999,0.999,0.999,1.000,1.000,1.000,1.000,1.000,1.000,1.000,1.000,1.000,1.000,1.000,1.000,1.000,1.000,1.000,1.000,1.000,1.000,1.000,1.000,1.000,1.000],

keyboard bottom row run length
------------------------------------------------------------
1                     2709661 88.9  88.9
2                      323672 10.6  99.5
3                       14986  0.5 100.0
4                         250  0.0 100.0
5                          19  0.0 100.0
6                           3  0.0 100.0
7                           4  0.0 100.0
10                          1  0.0 100.0
13                          1  0.0 100.0

#data b_row_run_data=>[qw(1 2 3 4 5 6 7 10 13)],
#data b_row_run_frequency=>[0.889,0.106,0.005,0.000,0.000,0.000,0.000,0.000,0.000],
#data b_row_run_cumulative=>[0.889,0.995,1.000,1.000,1.000,1.000,1.000,1.000,1.000],

keyboard row run length
------------------------------------------------------------
1                     7747978 56.6  56.6
2                     2459950 18.0  74.5
3                     1109386  8.1  82.6
4                      765760  5.6  88.2
5                      484833  3.5  91.8
6                      322989  2.4  94.1
7                      231219  1.7  95.8
8                      164426  1.2  97.0
9                      120195  0.9  97.9
10                      83331  0.6  98.5
11                      59010  0.4  98.9
12                      42576  0.3  99.2
13                      30653  0.2  99.4
14                      21527  0.2  99.6
15                      15359  0.1  99.7
16                      10787  0.1  99.8
17                       7772  0.1  99.9
18                       5753  0.0  99.9
19                       4053  0.0  99.9
20                       2893  0.0  99.9
21                       2076  0.0 100.0
22                       1456  0.0 100.0
23                       1065  0.0 100.0
24                        770  0.0 100.0
25                        573  0.0 100.0
26                        427  0.0 100.0
27                        284  0.0 100.0
28                        199  0.0 100.0
29                        135  0.0 100.0
30                         93  0.0 100.0
31                         99  0.0 100.0
32                         54  0.0 100.0
33                         42  0.0 100.0
34                         29  0.0 100.0
35                          9  0.0 100.0
36                         18  0.0 100.0
37                         14  0.0 100.0
38                          7  0.0 100.0
39                          5  0.0 100.0
40                          4  0.0 100.0
41                          3  0.0 100.0
42                          5  0.0 100.0
43                          3  0.0 100.0
44                          2  0.0 100.0

#data all_row_run_data=>[qw(1 2 3 4 5 6 7 8 9 10 11 12 13 14 15 16 17 18 19 20 21 22 23 24 25 26 27 28 29 30 31 32 33 34 35 36 37 38 39 40 41 42 43 44)],
#data all_row_run_frequency=>[0.566,0.180,0.081,0.056,0.035,0.024,0.017,0.012,0.009,0.006,0.004,0.003,0.002,0.002,0.001,0.001,0.001,0.000,0.000,0.000,0.000,0.000,0.000,0.000,0.000,0.000,0.000,0.000,0.000,0.000,0.000,0.000,0.000,0.000,0.000,0.000,0.000,0.000,0.000,0.000,0.000,0.000,0.000,0.000],
#data all_row_run_cumulative=>[0.566,0.745,0.826,0.882,0.918,0.941,0.958,0.970,0.979,0.985,0.989,0.992,0.994,0.996,0.997,0.998,0.999,0.999,0.999,0.999,1.000,1.000,1.000,1.000,1.000,1.000,1.000,1.000,1.000,1.000,1.000,1.000,1.000,1.000,1.000,1.000,1.000,1.000,1.000,1.000,1.000,1.000,1.000,1.000],

keyboard finger run length
------------------------------------------------------------
1                    25209809 89.7  89.7
2                     2865414 10.2  99.8
3                       41427  0.1 100.0
4                        2871  0.0 100.0
5                         102  0.0 100.0
6                          39  0.0 100.0
7                          20  0.0 100.0
8                           5  0.0 100.0
9                           2  0.0 100.0
10                          2  0.0 100.0
11                          1  0.0 100.0
13                          1  0.0 100.0

#data finger_run_data=>[qw(1 2 3 4 5 6 7 8 9 10 11 13)],
#data finger_run_frequency=>[0.897,0.102,0.001,0.000,0.000,0.000,0.000,0.000,0.000,0.000,0.000,0.000],
#data finger_run_cumulative=>[0.897,0.998,1.000,1.000,1.000,1.000,1.000,1.000,1.000,1.000,1.000,1.000],

keyboard same-hand row jump length
------------------------------------------------------------
1                    22775433 85.9  85.9
2                     2814261 10.6  96.5
3                      727956  2.7  99.2
4                      147622  0.6  99.8
5                       46467  0.2 100.0
6                        7342  0.0 100.0
7                        1684  0.0 100.0
8                         233  0.0 100.0
9                          76  0.0 100.0
10                         22  0.0 100.0
11                          8  0.0 100.0
12                          1  0.0 100.0
14                          2  0.0 100.0

#data row_jump_data=>[qw(1 2 3 4 5 6 7 8 9 10 11 12 14)],
#data row_jump_frequency=>[0.859,0.106,0.027,0.006,0.002,0.000,0.000,0.000,0.000,0.000,0.000,0.000,0.000],
#data row_jump_cumulative=>[0.859,0.965,0.992,0.998,1.000,1.000,1.000,1.000,1.000,1.000,1.000,1.000,1.000],

corpus character frequency
------------------------------------------------------------
e                     5798339 18.7  18.7
n                     3014541  9.7  28.4
a                     2345134  7.5  35.9
i                     2216244  7.1  43.0
t                     2087686  6.7  49.8
r                     1906571  6.1  55.9
o                     1865490  6.0  61.9
d                     1651865  5.3  67.2
s                     1273888  4.1  71.3
l                     1229615  4.0  75.3
g                      906466  2.9  78.2
k                      811923  2.6  80.8
m                      790322  2.5  83.3
h                      755830  2.4  85.8
v                      733012  2.4  88.1
u                      560323  1.8  89.9
j                      531365  1.7  91.6
w                      490025  1.6  93.2
b                      474797  1.5  94.7
p                      457924  1.5  96.2
c                      455325  1.5  97.7
z                      397429  1.3  99.0
f                      261682  0.8  99.8
y                       40142  0.1  99.9
x                       17212  0.1 100.0
q                        4238  0.0 100.0

#data character_frequency_data=>[qw(e n a i t r o d s l g k m h v u j w b p c z f y x q)],
#data character_frequency_frequency=>[0.187,0.097,0.075,0.071,0.067,0.061,0.060,0.053,0.041,0.040,0.029,0.026,0.025,0.024,0.024,0.018,0.017,0.016,0.015,0.015,0.015,0.013,0.008,0.001,0.001,0.000],
#data character_frequency_cumulative=>[0.187,0.284,0.359,0.430,0.498,0.559,0.619,0.672,0.713,0.753,0.782,0.808,0.833,0.858,0.881,0.899,0.916,0.932,0.947,0.962,0.977,0.990,0.998,0.999,1.000,1.000],

corpus character pair frequency
------------------------------------------------------------
en                    1398757  4.5   4.5
er                     834240  2.7   7.2
de                     748026  2.4   9.6
an                     546972  1.8  11.4
ee                     540409  1.7  13.1
te                     529191  1.7  14.8
nd                     511057  1.6  16.4
et                     492476  1.6  18.0
ge                     450495  1.4  19.5
ie                     440256  1.4  20.9
aa                     438964  1.4  22.3
el                     435590  1.4  23.7
in                     405509  1.3  25.0
ij                     379276  1.2  26.2
he                     354040  1.1  27.4
re                     308968  1.0  28.4
at                     305591  1.0  29.3
st                     284516  0.9  30.3
ar                     282430  0.9  31.2
oo                     278555  0.9  32.1
or                     272917  0.9  32.9
ti                     272774  0.9  33.8
ve                     270921  0.9  34.7
le                     264898  0.9  35.5
ne                     263021  0.8  36.4
me                     262625  0.8  37.2
da                     250181  0.8  38.0
al                     248830  0.8  38.8
ni                     246206  0.8  39.6
ng                     240808  0.8  40.4
is                     233204  0.8  41.2
li                     231233  0.7  41.9
ch                     228814  0.7  42.6
rd                     225441  0.7  43.4
ed                     215829  0.7  44.1
es                     214536  0.7  44.8
va                     213639  0.7  45.4
on                     211121  0.7  46.1
ke                     210810  0.7  46.8
nt                     208468  0.7  47.5
be                     206958  0.7  48.1
di                     202222  0.7  48.8
oe                     196163  0.6  49.4
we                     191921  0.6  50.0
ri                     189090  0.6  50.6
no                     176944  0.6  51.2
ev                     176774  0.6  51.8
it                     174696  0.6  52.3
ns                     173786  0.6  52.9
na                     169494  0.5  53.4
ro                     169267  0.5  54.0
ei                     169139  0.5  54.5
ma                     168671  0.5  55.1
em                     162616  0.5  55.6
ra                     157017  0.5  56.1
ek                     148800  0.5  56.6
se                     148292  0.5  57.1
vo                     148187  0.5  57.5
eg                     147025  0.5  58.0
to                     143811  0.5  58.5
om                     137109  0.4  58.9
ta                     136071  0.4  59.4
op                     135387  0.4  59.8
ze                     133190  0.4  60.2
la                     130219  0.4  60.6
wa                     129230  0.4  61.1
zi                     128615  0.4  61.5
eb                     127482  0.4  61.9
nv                     127459  0.4  62.3
ik                     127138  0.4  62.7
nh                     118742  0.4  63.1
td                     115494  0.4  63.5
sc                     110629  0.4  63.8
rs                     108124  0.3  64.2
jk                     107552  0.3  64.5
ig                     106164  0.3  64.8
ui                     105488  0.3  65.2
je                     104252  0.3  65.5
mi                     102131  0.3  65.8
nn                     100198  0.3  66.2
nm                      98255  0.3  66.5
th                      96471  0.3  66.8
rt                      95657  0.3  67.1
ez                      95214  0.3  67.4
nw                      95045  0.3  67.7
ec                      94362  0.3  68.0
jn                      93631  0.3  68.3
do                      91864  0.3  68.6
pe                      91557  0.3  68.9
zo                      91188  0.3  69.2
ll                      90379  0.3  69.5
nk                      90365  0.3  69.8
ht                      88481  0.3  70.1
ew                      87586  0.3  70.4
ld                      87236  0.3  70.6
id                      86923  0.3  70.9
nz                      86006  0.3  71.2
si                      84853  0.3  71.5
ha                      83793  0.3  71.7
ts                      83467  0.3  72.0
mo                      83248  0.3  72.3
ls                      82691  0.3  72.5
ho                      82053  0.3  72.8
nb                      77502  0.2  73.0
ou                      76717  0.2  73.3
ea                      75334  0.2  73.5
ep                      74211  0.2  73.8
ol                      73516  0.2  74.0
tw                      72982  0.2  74.2
tv                      72596  0.2  74.5
lo                      71174  0.2  74.7
eo                      71058  0.2  74.9
ko                      70352  0.2  75.2
tr                      70101  0.2  75.4
ef                      69618  0.2  75.6
rg                      69567  0.2  75.8
wi                      69458  0.2  76.1
eh                      69377  0.2  76.3
as                      69189  0.2  76.5
wo                      68865  0.2  76.7
ur                      68792  0.2  76.9
ov                      67366  0.2  77.2
og                      67216  0.2  77.4
bi                      66673  0.2  77.6
ss                      65727  0.2  77.8
rm                      65533  0.2  78.0
ag                      65236  0.2  78.2
ka                      64936  0.2  78.4
pr                      64871  0.2  78.6
so                      64730  0.2  78.9
eu                      64475  0.2  79.1
rk                      63842  0.2  79.3
sd                      63204  0.2  79.5
tm                      63194  0.2  79.7
hi                      63139  0.2  79.9
ak                      61521  0.2  80.1
ok                      60972  0.2  80.3
ic                      60963  0.2  80.5
un                      60885  0.2  80.7
il                      59575  0.2  80.9
gr                      59430  0.2  81.0
ac                      59402  0.2  81.2
rh                      59186  0.2  81.4
ga                      57269  0.2  81.6
co                      57073  0.2  81.8
tt                      56726  0.2  82.0
am                      56629  0.2  82.2
kt                      56400  0.2  82.3
ot                      55914  0.2  82.5
tg                      55600  0.2  82.7
tu                      55085  0.2  82.9
of                      53651  0.2  83.1
ki                      52948  0.2  83.2
gi                      52720  0.2  83.4
tz                      52411  0.2  83.6
us                      52228  0.2  83.7
rv                      52138  0.2  83.9
sp                      50495  0.2  84.1
pa                      50342  0.2  84.2
nl                      49874  0.2  84.4
ad                      49181  0.2  84.5
rl                      48960  0.2  84.7
sa                      47897  0.2  84.9
rw                      47071  0.2  85.0
tb                      46272  0.1  85.2
rb                      46271  0.1  85.3
go                      45943  0.1  85.4
ru                      44602  0.1  85.6
rn                      44020  0.1  85.7
jd                      43494  0.1  85.9
vi                      42945  0.1  86.0
sv                      42865  0.1  86.1
ft                      42375  0.1  86.3
po                      42258  0.1  86.4
sm                      42135  0.1  86.6
tn                      41723  0.1  86.7
sh                      41117  0.1  86.8
du                      40811  0.1  87.0
ba                      40079  0.1  87.1
ct                      40018  0.1  87.2
dt                      39663  0.1  87.3
dd                      39379  0.1  87.5
rz                      39364  0.1  87.6
dr                      39086  0.1  87.7
uw                      38942  0.1  87.8
np                      37121  0.1  88.0
lt                      36916  0.1  88.1
oc                      36515  0.1  88.2
ds                      36439  0.1  88.3
sl                      36395  0.1  88.4
kk                      36192  0.1  88.6
nu                      35833  0.1  88.7
bo                      34790  0.1  88.8
nc                      34756  0.1  88.9
ud                      34703  0.1  89.0
tj                      34671  0.1  89.1
vr                      34266  0.1  89.2
af                      33764  0.1  89.3
os                      33428  0.1  89.4
od                      32595  0.1  89.5
hu                      31979  0.1  89.6
kd                      31547  0.1  89.7
fe                      31472  0.1  89.9
ap                      31067  0.1  90.0
bl                      30913  0.1  90.1
gd                      30574  0.1  90.1
ja                      30406  0.1  90.2
ul                      30226  0.1  90.3
br                      30094  0.1  90.4
kh                      30064  0.1  90.5
pl                      30022  0.1  90.6
lg                      29660  0.1  90.7
ku                      29048  0.1  90.8
sn                      28865  0.1  90.9
fi                      28523  0.1  91.0
ci                      28511  0.1  91.1
ce                      28046  0.1  91.2
md                      27940  0.1  91.3
gt                      27822  0.1  91.4
gv                      27820  0.1  91.5
kw                      27402  0.1  91.5
dv                      27352  0.1  91.6
lf                      27064  0.1  91.7
lu                      26839  0.1  91.8
nr                      26792  0.1  91.9
sw                      26301  0.1  92.0
im                      26062  0.1  92.1
nj                      26031  0.1  92.1
kv                      25753  0.1  92.2
za                      24814  0.1  92.3
lv                      24723  0.1  92.4
ut                      24576  0.1  92.5
sg                      24039  0.1  92.5
rr                      24023  0.1  92.6
mm                      23995  0.1  92.7
kr                      23953  0.1  92.8
kl                      23849  0.1  92.9
tk                      23825  0.1  92.9
ks                      23800  0.1  93.0
lk                      23602  0.1  93.1
ia                      23519  0.1  93.2
pi                      23456  0.1  93.2
gs                      23303  0.1  93.3
tl                      22851  0.1  93.4
sb                      22620  0.1  93.5
uk                      22597  0.1  93.5
dw                      22553  0.1  93.6
pd                      22520  0.1  93.7
fo                      22392  0.1  93.7
ob                      22012  0.1  93.8
kn                      21954  0.1  93.9
ai                      21892  0.1  94.0
bb                      21634  0.1  94.0
uu                      21357  0.1  94.1
jo                      21081  0.1  94.2
gg                      20897  0.1  94.2
sz                      20333  0.1  94.3
pt                      20267  0.1  94.4
io                      20261  0.1  94.4
lm                      20184  0.1  94.5
oi                      20062  0.1  94.6
kb                      19622  0.1  94.6
mt                      19537  0.1  94.7
pp                      19369  0.1  94.7
jv                      19322  0.1  94.8
tp                      19126  0.1  94.9
dh                      18995  0.1  94.9
iv                      18749  0.1  95.0
fd                      18738  0.1  95.0
nf                      18585  0.1  95.1
km                      18516  0.1  95.2
gh                      18385  0.1  95.2
su                      18325  0.1  95.3
ir                      17514  0.1  95.3
rp                      17502  0.1  95.4
um                      17191  0.1  95.5
mp                      16984  0.1  95.5
bu                      16572  0.1  95.6
ej                      16564  0.1  95.6
dm                      16349  0.1  95.7
gm                      16339  0.1  95.7
cr                      16156  0.1  95.8
au                      15961  0.1  95.8
sj                      15691  0.1  95.9
ca                      15638  0.1  95.9
ms                      15320  0.0  96.0
uc                      15271  0.0  96.0
kg                      14789  0.0  96.1
cu                      14775  0.0  96.1
kz                      14759  0.0  96.2
hr                      14738  0.0  96.2
pu                      14492  0.0  96.3
fa                      14332  0.0  96.3
jf                      14229  0.0  96.4
sk                      14179  0.0  96.4
dg                      13230  0.0  96.4
gn                      13214  0.0  96.5
dz                      12699  0.0  96.5
ex                      12653  0.0  96.6
db                      12510  0.0  96.6
js                      12497  0.0  96.6
ab                      12466  0.0  96.7
lh                      12463  0.0  96.7
av                      12371  0.0  96.8
ju                      12324  0.0  96.8
rj                      12319  0.0  96.8
lb                      12241  0.0  96.9
lw                      12199  0.0  96.9
fs                      12087  0.0  97.0
oa                      11972  0.0  97.0
gw                      11962  0.0  97.0
ff                      11869  0.0  97.1
fr                      11627  0.0  97.1
ug                      11562  0.0  97.2
ph                      11561  0.0  97.2
tc                      11512  0.0  97.2
ue                      11490  0.0  97.3
ip                      11221  0.0  97.3
jz                      11074  0.0  97.3
jg                      11069  0.0  97.4
pv                      10704  0.0  97.4
ps                      10624  0.0  97.4
ub                      10025  0.0  97.5
jh                       9934  0.0  97.5
ln                       9608  0.0  97.5
rc                       9511  0.0  97.6
dn                       9486  0.0  97.6
gz                       9376  0.0  97.6
pg                       9356  0.0  97.7
gb                       9326  0.0  97.7
lp                       9273  0.0  97.7
lz                       9172  0.0  97.7
mb                       8920  0.0  97.8
mh                       8882  0.0  97.8
ys                       8868  0.0  97.8
vl                       8640  0.0  97.9
mu                       8545  0.0  97.9
sy                       8479  0.0  97.9
mv                       8432  0.0  97.9
gl                       8388  0.0  98.0
ua                       8163  0.0  98.0
zu                       8123  0.0  98.0
fh                       8009  0.0  98.0
fg                       7997  0.0  98.1
ow                       7953  0.0  98.1
lj                       7917  0.0  98.1
dk                       7913  0.0  98.1
ji                       7854  0.0  98.2
uz                       7635  0.0  98.2
tf                       7528  0.0  98.2
kj                       7453  0.0  98.2
hn                       7443  0.0  98.3
ae                       7405  0.0  98.3
fl                       7330  0.0  98.3
cl                       7265  0.0  98.3
sr                       7176  0.0  98.4
gu                       7059  0.0  98.4
pm                       6880  0.0  98.4
pz                       6734  0.0  98.4
zw                       6544  0.0  98.5
ah                       6417  0.0  98.5
mg                       6350  0.0  98.5
fv                       5991  0.0  98.5
fw                       5979  0.0  98.5
if                       5813  0.0  98.5
mn                       5784  0.0  98.6
oz                       5710  0.0  98.6
ck                       5700  0.0  98.6
az                       5700  0.0  98.6
gk                       5616  0.0  98.6
rf                       5561  0.0  98.7
dj                       5503  0.0  98.7
jp                       5413  0.0  98.7
dp                       5401  0.0  98.7
jl                       5367  0.0  98.7
dl                       5344  0.0  98.7
mz                       5281  0.0  98.8
bt                       5223  0.0  98.8
jw                       5208  0.0  98.8
fu                       5167  0.0  98.8
up                       5163  0.0  98.8
wd                       5131  0.0  98.8
fm                       5109  0.0  98.9
iz                       5023  0.0  98.9
jm                       5007  0.0  98.9
ib                       4936  0.0  98.9
bs                       4825  0.0  98.9
pb                       4762  0.0  98.9
mw                       4613  0.0  99.0
fb                       4595  0.0  99.0
jt                       4563  0.0  99.0
sf                       4532  0.0  99.0
jb                       4501  0.0  99.0
oh                       4474  0.0  99.0
ws                       4464  0.0  99.0
pw                       4462  0.0  99.1
fn                       4447  0.0  99.1
fz                       4330  0.0  99.1
ao                       4192  0.0  99.1
aw                       4178  0.0  99.1
gj                       4148  0.0  99.1
yp                       4136  0.0  99.1
cc                       4128  0.0  99.2
kp                       4121  0.0  99.2
pj                       3986  0.0  99.2
ly                       3961  0.0  99.2
ty                       3933  0.0  99.2
xt                       3817  0.0  99.2
dc                       3806  0.0  99.2
pn                       3748  0.0  99.2
hd                       3619  0.0  99.3
xp                       3609  0.0  99.3
vu                       3600  0.0  99.3
qu                       3562  0.0  99.3
uh                       3546  0.0  99.3
hm                       3283  0.0  99.3
gp                       3197  0.0  99.3
fj                       3189  0.0  99.3
mk                       3113  0.0  99.3
bj                       3105  0.0  99.4
pk                       3105  0.0  99.4
hz                       3104  0.0  99.4
ry                       3099  0.0  99.4
uv                       2997  0.0  99.4
yo                       2994  0.0  99.4
lr                       2969  0.0  99.4
fk                       2928  0.0  99.4
hv                       2907  0.0  99.4
cy                       2879  0.0  99.4
ey                       2869  0.0  99.4
lc                       2810  0.0  99.5
uo                       2798  0.0  99.5
wu                       2558  0.0  99.5
vd                       2522  0.0  99.5
ml                       2495  0.0  99.5
ii                       2470  0.0  99.5
hw                       2432  0.0  99.5
wh                       2399  0.0  99.5
hb                       2353  0.0  99.5
mj                       2335  0.0  99.5
oj                       2326  0.0  99.5
hg                       2304  0.0  99.5
yn                       2289  0.0  99.6
ay                       2281  0.0  99.6
ye                       2245  0.0  99.6
vs                       2174  0.0  99.6
yc                       2174  0.0  99.6
ym                       2160  0.0  99.6
iu                       2142  0.0  99.6
xi                       2139  0.0  99.6
ih                       2128  0.0  99.6
aj                       2111  0.0  99.6
by                       2042  0.0  99.6
hy                       1986  0.0  99.6
hh                       1954  0.0  99.6
yt                       1866  0.0  99.6
df                       1840  0.0  99.6
mr                       1834  0.0  99.7
uj                       1827  0.0  99.7
bv                       1799  0.0  99.7
ww                       1784  0.0  99.7
hs                       1747  0.0  99.7
wb                       1738  0.0  99.7
ya                       1702  0.0  99.7
yb                       1688  0.0  99.7
wt                       1666  0.0  99.7
yi                       1659  0.0  99.7
xe                       1650  0.0  99.7
wv                       1637  0.0  99.7
bd                       1629  0.0  99.7
fp                       1575  0.0  99.7
uf                       1568  0.0  99.7
kc                       1562  0.0  99.7
kf                       1421  0.0  99.7
ny                       1415  0.0  99.7
bw                       1387  0.0  99.7
gc                       1383  0.0  99.7
wr                       1372  0.0  99.8
vv                       1363  0.0  99.8
iw                       1353  0.0  99.8
eq                       1345  0.0  99.8
xc                       1344  0.0  99.8
bh                       1319  0.0  99.8
yd                       1318  0.0  99.8
jj                       1289  0.0  99.8
xa                       1251  0.0  99.8
bn                       1251  0.0  99.8
wm                       1224  0.0  99.8
ax                       1219  0.0  99.8
yr                       1208  0.0  99.8
bg                       1197  0.0  99.8
wn                       1191  0.0  99.8
hl                       1179  0.0  99.8
wl                       1168  0.0  99.8
pc                       1165  0.0  99.8
mc                       1094  0.0  99.8
my                       1091  0.0  99.8
dy                       1090  0.0  99.8
cd                       1085  0.0  99.8
mf                       1074  0.0  99.8
pf                       1031  0.0  99.8
bm                       1024  0.0  99.8
zn                       1001  0.0  99.8
cs                        992  0.0  99.9
gf                        986  0.0  99.9
yl                        985  0.0  99.9
fc                        983  0.0  99.9
ox                        974  0.0  99.9
yv                        934  0.0  99.9
zz                        923  0.0  99.9
yw                        913  0.0  99.9
hp                        896  0.0  99.9
vn                        847  0.0  99.9
wk                        840  0.0  99.9
hk                        833  0.0  99.9
jr                        819  0.0  99.9
oy                        805  0.0  99.9
bz                        786  0.0  99.9
wg                        772  0.0  99.9
yh                        746  0.0  99.9
gy                        743  0.0  99.9
wz                        686  0.0  99.9
ux                        679  0.0  99.9
bp                        643  0.0  99.9
ix                        628  0.0  99.9
yg                        613  0.0  99.9
fy                        613  0.0  99.9
py                        604  0.0  99.9
uy                        603  0.0  99.9
cm                        602  0.0  99.9
zp                        601  0.0  99.9
hj                        599  0.0  99.9
cb                        597  0.0  99.9
ky                        572  0.0  99.9
nq                        554  0.0  99.9
wp                        554  0.0  99.9
hc                        543  0.0  99.9
iq                        521  0.0  99.9
vm                        519  0.0  99.9
vp                        506  0.0  99.9
wy                        483  0.0  99.9
cv                        464  0.0  99.9
cn                        464  0.0  99.9
cw                        453  0.0  99.9
vw                        452  0.0  99.9
jc                        449  0.0  99.9
yf                        420  0.0  99.9
vh                        416  0.0  99.9
sq                        408  0.0  99.9
bc                        408  0.0 100.0
cq                        394  0.0 100.0
xo                        390  0.0 100.0
hf                        375  0.0 100.0
wc                        370  0.0 100.0
yk                        368  0.0 100.0
yz                        360  0.0 100.0
bk                        349  0.0 100.0
zd                        342  0.0 100.0
cp                        333  0.0 100.0
cz                        331  0.0 100.0
zl                        327  0.0 100.0
xd                        325  0.0 100.0
vg                        317  0.0 100.0
rx                        316  0.0 100.0
xv                        314  0.0 100.0
vk                        301  0.0 100.0
vb                        300  0.0 100.0
vt                        297  0.0 100.0
cg                        294  0.0 100.0
wf                        288  0.0 100.0
vj                        280  0.0 100.0
vz                        258  0.0 100.0
xw                        244  0.0 100.0
zg                        241  0.0 100.0
xb                        237  0.0 100.0
nx                        224  0.0 100.0
wj                        220  0.0 100.0
yj                        217  0.0 100.0
xm                        217  0.0 100.0
xh                        215  0.0 100.0
qa                        201  0.0 100.0
iy                        200  0.0 100.0
yu                        196  0.0 100.0
zs                        194  0.0 100.0
tq                        185  0.0 100.0
zh                        176  0.0 100.0
xu                        176  0.0 100.0
zb                        169  0.0 100.0
zm                        168  0.0 100.0
aq                        165  0.0 100.0
cj                        158  0.0 100.0
lq                        153  0.0 100.0
zv                        153  0.0 100.0
xs                        152  0.0 100.0
xg                        151  0.0 100.0
cf                        146  0.0 100.0
xz                        146  0.0 100.0
xy                        133  0.0 100.0
zk                        130  0.0 100.0
vc                        129  0.0 100.0
xl                        129  0.0 100.0
zt                        126  0.0 100.0
xn                        125  0.0 100.0
rq                        122  0.0 100.0
zy                        117  0.0 100.0
xf                        117  0.0 100.0
xk                        105  0.0 100.0
zj                         96  0.0 100.0
xx                         93  0.0 100.0
tx                         86  0.0 100.0
sx                         85  0.0 100.0
bf                         80  0.0 100.0
zr                         73  0.0 100.0
xr                         73  0.0 100.0
vf                         67  0.0 100.0
dq                         66  0.0 100.0
yy                         65  0.0 100.0
oq                         60  0.0 100.0
vy                         60  0.0 100.0
dx                         57  0.0 100.0
kq                         55  0.0 100.0
xj                         51  0.0 100.0
zc                         50  0.0 100.0
zf                         50  0.0 100.0
gq                         49  0.0 100.0
qi                         44  0.0 100.0
kx                         44  0.0 100.0
qh                         40  0.0 100.0
hq                         38  0.0 100.0
qd                         38  0.0 100.0
qe                         38  0.0 100.0
qk                         37  0.0 100.0
lx                         31  0.0 100.0
qv                         29  0.0 100.0
qt                         29  0.0 100.0
qw                         27  0.0 100.0
pq                         25  0.0 100.0
px                         23  0.0 100.0
qs                         22  0.0 100.0
qm                         22  0.0 100.0
gx                         22  0.0 100.0
qo                         22  0.0 100.0
qp                         20  0.0 100.0
qb                         18  0.0 100.0
ql                         18  0.0 100.0
jy                         18  0.0 100.0
qr                         17  0.0 100.0
zq                         15  0.0 100.0
mx                         15  0.0 100.0
qz                         14  0.0 100.0
mq                         13  0.0 100.0
fq                         13  0.0 100.0
hx                         12  0.0 100.0
qg                         12  0.0 100.0
fx                         12  0.0 100.0
yq                         12  0.0 100.0
uq                         11  0.0 100.0
bq                         11  0.0 100.0
cx                          9  0.0 100.0
xq                          9  0.0 100.0
qn                          8  0.0 100.0
bx                          6  0.0 100.0
qc                          6  0.0 100.0
jq                          6  0.0 100.0
yx                          6  0.0 100.0
jx                          6  0.0 100.0
qf                          5  0.0 100.0
qq                          4  0.0 100.0
wx                          4  0.0 100.0
vx                          4  0.0 100.0
qj                          3  0.0 100.0
zx                          3  0.0 100.0
vq                          2  0.0 100.0
wq                          2  0.0 100.0
qx                          1  0.0 100.0
qy                          1  0.0 100.0

#data character_pair_frequency_data=>[qw(en er de an ee te nd et ge ie aa el in ij he re at st ar oo or ti ve le ne me da al ni ng is li ch rd ed es va on ke nt be di oe we ri no ev it ns na ro ei ma em ra ek se vo eg to om ta op ze la wa zi eb nv ik nh td sc rs jk ig ui je mi nn nm th rt ez nw ec jn do pe zo ll nk ht ew ld id nz si ha ts mo ls ho nb ou ea ep ol tw tv lo eo ko tr ef rg wi eh as wo ur ov og bi ss rm ag ka pr so eu rk sd tm hi ak ok ic un il gr ac rh ga co tt am kt ot tg tu of ki gi tz us rv sp pa nl ad rl sa rw tb rb go ru rn jd vi sv ft po sm tn sh du ba ct dt dd rz dr uw np lt oc ds sl kk nu bo nc ud tj vr af os od hu kd fe ap bl gd ja ul br kh pl lg ku sn fi ci ce md gt gv kw dv lf lu nr sw im nj kv za lv ut sg rr mm kr kl tk ks lk ia pi gs tl sb uk dw pd fo ob kn ai bb uu jo gg sz pt io lm oi kb mt pp jv tp dh iv fd nf km gh su ir rp um mp bu ej dm gm cr au sj ca ms uc kg cu kz hr pu fa jf sk dg gn dz ex db js ab lh av ju rj lb lw fs oa gw ff fr ug ph tc ue ip jz jg pv ps ub jh ln rc dn gz pg gb lp lz mb mh ys vl mu sy mv gl ua zu fh fg ow lj dk ji uz tf kj hn ae fl cl sr gu pm pz zw ah mg fv fw if mn oz ck az gk rf dj jp dp jl dl mz bt jw fu up wd fm iz jm ib bs pb mw fb jt sf jb oh ws pw fn fz ao aw gj yp cc kp pj ly ty xt dc pn hd xp vu qu uh hm gp fj mk bj pk hz ry uv yo lr fk hv cy ey lc uo wu vd ml ii hw wh hb mj oj hg yn ay ye vs yc ym iu xi ih aj by hy hh yt df mr uj bv ww hs wb ya yb wt yi xe wv bd fp uf kc kf ny bw gc wr vv iw eq xc bh yd jj xa bn wm ax yr bg wn hl wl pc mc my dy cd mf pf bm zn cs gf yl fc ox yv zz yw hp vn wk hk jr oy bz wg yh gy wz ux bp ix yg fy py uy cm zp hj cb ky nq wp hc iq vm vp wy cv cn cw vw jc yf vh sq bc cq xo hf wc yk yz bk zd cp cz zl xd vg rx xv vk vb vt cg wf vj vz xw zg xb nx wj yj xm xh qa iy yu zs tq zh xu zb zm aq cj lq zv xs xg cf xz xy zk vc xl zt xn rq zy xf xk zj xx tx sx bf zr xr vf dq yy oq vy dx kq xj zc zf gq qi kx qh hq qd qe qk lx qv qt qw pq px qs qm gx qo qp qb ql jy qr zq mx qz mq fq hx qg fx yq uq bq cx xq qn bx qc jq yx jx qf qq wx vx qj zx vq wq qx qy)],
#data character_pair_frequency_frequency=>[0.045,0.027,0.024,0.018,0.017,0.017,0.016,0.016,0.014,0.014,0.014,0.014,0.013,0.012,0.011,0.010,0.010,0.009,0.009,0.009,0.009,0.009,0.009,0.009,0.008,0.008,0.008,0.008,0.008,0.008,0.008,0.007,0.007,0.007,0.007,0.007,0.007,0.007,0.007,0.007,0.007,0.007,0.006,0.006,0.006,0.006,0.006,0.006,0.006,0.005,0.005,0.005,0.005,0.005,0.005,0.005,0.005,0.005,0.005,0.005,0.004,0.004,0.004,0.004,0.004,0.004,0.004,0.004,0.004,0.004,0.004,0.004,0.004,0.003,0.003,0.003,0.003,0.003,0.003,0.003,0.003,0.003,0.003,0.003,0.003,0.003,0.003,0.003,0.003,0.003,0.003,0.003,0.003,0.003,0.003,0.003,0.003,0.003,0.003,0.003,0.003,0.003,0.003,0.002,0.002,0.002,0.002,0.002,0.002,0.002,0.002,0.002,0.002,0.002,0.002,0.002,0.002,0.002,0.002,0.002,0.002,0.002,0.002,0.002,0.002,0.002,0.002,0.002,0.002,0.002,0.002,0.002,0.002,0.002,0.002,0.002,0.002,0.002,0.002,0.002,0.002,0.002,0.002,0.002,0.002,0.002,0.002,0.002,0.002,0.002,0.002,0.002,0.002,0.002,0.002,0.002,0.002,0.002,0.002,0.002,0.002,0.002,0.002,0.002,0.001,0.001,0.001,0.001,0.001,0.001,0.001,0.001,0.001,0.001,0.001,0.001,0.001,0.001,0.001,0.001,0.001,0.001,0.001,0.001,0.001,0.001,0.001,0.001,0.001,0.001,0.001,0.001,0.001,0.001,0.001,0.001,0.001,0.001,0.001,0.001,0.001,0.001,0.001,0.001,0.001,0.001,0.001,0.001,0.001,0.001,0.001,0.001,0.001,0.001,0.001,0.001,0.001,0.001,0.001,0.001,0.001,0.001,0.001,0.001,0.001,0.001,0.001,0.001,0.001,0.001,0.001,0.001,0.001,0.001,0.001,0.001,0.001,0.001,0.001,0.001,0.001,0.001,0.001,0.001,0.001,0.001,0.001,0.001,0.001,0.001,0.001,0.001,0.001,0.001,0.001,0.001,0.001,0.001,0.001,0.001,0.001,0.001,0.001,0.001,0.001,0.001,0.001,0.001,0.001,0.001,0.001,0.001,0.001,0.001,0.001,0.001,0.001,0.001,0.001,0.001,0.001,0.001,0.001,0.001,0.001,0.000,0.000,0.000,0.000,0.000,0.000,0.000,0.000,0.000,0.000,0.000,0.000,0.000,0.000,0.000,0.000,0.000,0.000,0.000,0.000,0.000,0.000,0.000,0.000,0.000,0.000,0.000,0.000,0.000,0.000,0.000,0.000,0.000,0.000,0.000,0.000,0.000,0.000,0.000,0.000,0.000,0.000,0.000,0.000,0.000,0.000,0.000,0.000,0.000,0.000,0.000,0.000,0.000,0.000,0.000,0.000,0.000,0.000,0.000,0.000,0.000,0.000,0.000,0.000,0.000,0.000,0.000,0.000,0.000,0.000,0.000,0.000,0.000,0.000,0.000,0.000,0.000,0.000,0.000,0.000,0.000,0.000,0.000,0.000,0.000,0.000,0.000,0.000,0.000,0.000,0.000,0.000,0.000,0.000,0.000,0.000,0.000,0.000,0.000,0.000,0.000,0.000,0.000,0.000,0.000,0.000,0.000,0.000,0.000,0.000,0.000,0.000,0.000,0.000,0.000,0.000,0.000,0.000,0.000,0.000,0.000,0.000,0.000,0.000,0.000,0.000,0.000,0.000,0.000,0.000,0.000,0.000,0.000,0.000,0.000,0.000,0.000,0.000,0.000,0.000,0.000,0.000,0.000,0.000,0.000,0.000,0.000,0.000,0.000,0.000,0.000,0.000,0.000,0.000,0.000,0.000,0.000,0.000,0.000,0.000,0.000,0.000,0.000,0.000,0.000,0.000,0.000,0.000,0.000,0.000,0.000,0.000,0.000,0.000,0.000,0.000,0.000,0.000,0.000,0.000,0.000,0.000,0.000,0.000,0.000,0.000,0.000,0.000,0.000,0.000,0.000,0.000,0.000,0.000,0.000,0.000,0.000,0.000,0.000,0.000,0.000,0.000,0.000,0.000,0.000,0.000,0.000,0.000,0.000,0.000,0.000,0.000,0.000,0.000,0.000,0.000,0.000,0.000,0.000,0.000,0.000,0.000,0.000,0.000,0.000,0.000,0.000,0.000,0.000,0.000,0.000,0.000,0.000,0.000,0.000,0.000,0.000,0.000,0.000,0.000,0.000,0.000,0.000,0.000,0.000,0.000,0.000,0.000,0.000,0.000,0.000,0.000,0.000,0.000,0.000,0.000,0.000,0.000,0.000,0.000,0.000,0.000,0.000,0.000,0.000,0.000,0.000,0.000,0.000,0.000,0.000,0.000,0.000,0.000,0.000,0.000,0.000,0.000,0.000,0.000,0.000,0.000,0.000,0.000,0.000,0.000,0.000,0.000,0.000,0.000,0.000,0.000,0.000,0.000,0.000,0.000,0.000,0.000,0.000,0.000,0.000,0.000,0.000,0.000,0.000,0.000,0.000,0.000,0.000,0.000,0.000,0.000,0.000,0.000,0.000,0.000,0.000,0.000,0.000,0.000,0.000,0.000,0.000,0.000,0.000,0.000,0.000,0.000,0.000,0.000,0.000,0.000,0.000,0.000,0.000,0.000,0.000,0.000,0.000,0.000,0.000,0.000,0.000,0.000,0.000,0.000,0.000,0.000,0.000,0.000,0.000,0.000,0.000,0.000,0.000,0.000,0.000,0.000,0.000,0.000,0.000,0.000,0.000,0.000,0.000,0.000,0.000,0.000,0.000,0.000,0.000,0.000,0.000,0.000,0.000,0.000,0.000,0.000,0.000,0.000,0.000,0.000,0.000,0.000,0.000,0.000,0.000,0.000,0.000,0.000,0.000],
#data character_pair_frequency_cumulative=>[0.045,0.072,0.096,0.114,0.131,0.148,0.164,0.180,0.195,0.209,0.223,0.237,0.250,0.262,0.274,0.284,0.293,0.303,0.312,0.321,0.329,0.338,0.347,0.355,0.364,0.372,0.380,0.388,0.396,0.404,0.412,0.419,0.426,0.434,0.441,0.448,0.454,0.461,0.468,0.475,0.481,0.488,0.494,0.500,0.506,0.512,0.518,0.523,0.529,0.534,0.540,0.545,0.551,0.556,0.561,0.566,0.571,0.575,0.580,0.585,0.589,0.594,0.598,0.602,0.606,0.611,0.615,0.619,0.623,0.627,0.631,0.635,0.638,0.642,0.645,0.648,0.652,0.655,0.658,0.662,0.665,0.668,0.671,0.674,0.677,0.680,0.683,0.686,0.689,0.692,0.695,0.698,0.701,0.704,0.706,0.709,0.712,0.715,0.717,0.720,0.723,0.725,0.728,0.730,0.733,0.735,0.738,0.740,0.742,0.745,0.747,0.749,0.752,0.754,0.756,0.758,0.761,0.763,0.765,0.767,0.769,0.772,0.774,0.776,0.778,0.780,0.782,0.784,0.786,0.789,0.791,0.793,0.795,0.797,0.799,0.801,0.803,0.805,0.807,0.809,0.810,0.812,0.814,0.816,0.818,0.820,0.822,0.823,0.825,0.827,0.829,0.831,0.832,0.834,0.836,0.837,0.839,0.841,0.842,0.844,0.845,0.847,0.849,0.850,0.852,0.853,0.854,0.856,0.857,0.859,0.860,0.861,0.863,0.864,0.866,0.867,0.868,0.870,0.871,0.872,0.873,0.875,0.876,0.877,0.878,0.880,0.881,0.882,0.883,0.884,0.886,0.887,0.888,0.889,0.890,0.891,0.892,0.893,0.894,0.895,0.896,0.897,0.899,0.900,0.901,0.901,0.902,0.903,0.904,0.905,0.906,0.907,0.908,0.909,0.910,0.911,0.912,0.913,0.914,0.915,0.915,0.916,0.917,0.918,0.919,0.920,0.921,0.921,0.922,0.923,0.924,0.925,0.925,0.926,0.927,0.928,0.929,0.929,0.930,0.931,0.932,0.932,0.933,0.934,0.935,0.935,0.936,0.937,0.937,0.938,0.939,0.940,0.940,0.941,0.942,0.942,0.943,0.944,0.944,0.945,0.946,0.946,0.947,0.947,0.948,0.949,0.949,0.950,0.950,0.951,0.952,0.952,0.953,0.953,0.954,0.955,0.955,0.956,0.956,0.957,0.957,0.958,0.958,0.959,0.959,0.960,0.960,0.961,0.961,0.962,0.962,0.963,0.963,0.964,0.964,0.964,0.965,0.965,0.966,0.966,0.966,0.967,0.967,0.968,0.968,0.968,0.969,0.969,0.970,0.970,0.970,0.971,0.971,0.972,0.972,0.972,0.973,0.973,0.973,0.974,0.974,0.974,0.975,0.975,0.975,0.976,0.976,0.976,0.977,0.977,0.977,0.977,0.978,0.978,0.978,0.979,0.979,0.979,0.979,0.980,0.980,0.980,0.980,0.981,0.981,0.981,0.981,0.982,0.982,0.982,0.982,0.983,0.983,0.983,0.983,0.984,0.984,0.984,0.984,0.985,0.985,0.985,0.985,0.985,0.985,0.986,0.986,0.986,0.986,0.986,0.987,0.987,0.987,0.987,0.987,0.987,0.988,0.988,0.988,0.988,0.988,0.988,0.989,0.989,0.989,0.989,0.989,0.989,0.990,0.990,0.990,0.990,0.990,0.990,0.990,0.991,0.991,0.991,0.991,0.991,0.991,0.991,0.992,0.992,0.992,0.992,0.992,0.992,0.992,0.992,0.993,0.993,0.993,0.993,0.993,0.993,0.993,0.993,0.993,0.994,0.994,0.994,0.994,0.994,0.994,0.994,0.994,0.994,0.994,0.994,0.995,0.995,0.995,0.995,0.995,0.995,0.995,0.995,0.995,0.995,0.995,0.995,0.996,0.996,0.996,0.996,0.996,0.996,0.996,0.996,0.996,0.996,0.996,0.996,0.996,0.996,0.996,0.997,0.997,0.997,0.997,0.997,0.997,0.997,0.997,0.997,0.997,0.997,0.997,0.997,0.997,0.997,0.997,0.997,0.997,0.997,0.997,0.998,0.998,0.998,0.998,0.998,0.998,0.998,0.998,0.998,0.998,0.998,0.998,0.998,0.998,0.998,0.998,0.998,0.998,0.998,0.998,0.998,0.998,0.998,0.998,0.998,0.998,0.999,0.999,0.999,0.999,0.999,0.999,0.999,0.999,0.999,0.999,0.999,0.999,0.999,0.999,0.999,0.999,0.999,0.999,0.999,0.999,0.999,0.999,0.999,0.999,0.999,0.999,0.999,0.999,0.999,0.999,0.999,0.999,0.999,0.999,0.999,0.999,0.999,0.999,0.999,0.999,0.999,0.999,0.999,0.999,0.999,0.999,1.000,1.000,1.000,1.000,1.000,1.000,1.000,1.000,1.000,1.000,1.000,1.000,1.000,1.000,1.000,1.000,1.000,1.000,1.000,1.000,1.000,1.000,1.000,1.000,1.000,1.000,1.000,1.000,1.000,1.000,1.000,1.000,1.000,1.000,1.000,1.000,1.000,1.000,1.000,1.000,1.000,1.000,1.000,1.000,1.000,1.000,1.000,1.000,1.000,1.000,1.000,1.000,1.000,1.000,1.000,1.000,1.000,1.000,1.000,1.000,1.000,1.000,1.000,1.000,1.000,1.000,1.000,1.000,1.000,1.000,1.000,1.000,1.000,1.000,1.000,1.000,1.000,1.000,1.000,1.000,1.000,1.000,1.000,1.000,1.000,1.000,1.000,1.000,1.000,1.000,1.000,1.000,1.000,1.000,1.000,1.000,1.000,1.000,1.000,1.000,1.000,1.000,1.000,1.000,1.000,1.000,1.000,1.000,1.000,1.000,1.000,1.000,1.000,1.000,1.000,1.000,1.000,1.000,1.000,1.000,1.000,1.000,1.000,1.000,1.000,1.000,1.000],

