Keyboard effort
------------------------------------------------------------
k1                      0.907  73.8  73.8
k1,k2                   1.176  21.9  95.7
k1,k2,k3                1.229   4.3 100.0
b                       0.344  16.3  16.3
p                       0.885  42.0 138.9
ph                      0.000   0.0   0.0
pr                      0.234  26.4  26.4
pf                      0.488  55.2  81.6
s                       0.880  41.7 100.0
all                     2.109 100.0 100.0

#data effort_k1=>[0.907,73.777,73.777],
#data effort_k12=>[1.176,21.930,95.706],
#data effort_k123=>[1.229,4.294,100.000],
#data effort_base=>[0.344,16.307,16.307],
#data effort_penalty=>[0.885,41.958,138.866],
#data effort_penalty_hand=>[0.000,0.000,0.000],
#data effort_penalty_row=>[0.234,26.392,26.392],
#data effort_penalty_finger=>[0.488,55.176,81.568],
#data effort_path=>[0.880,41.735,100.000],
#data effort_all=>[2.109,100.000,100.000],

keyboard row frequency
------------------------------------------------------------
1                       45911 24.3  24.3
2                      117821 62.3  86.6
3                       25291 13.4 100.0

#data row_data=>[qw(1 2 3)],
#data row_frequency=>[0.243,0.623,0.134],
#data row_cumulative=>[0.243,0.866,1.000],

keyboard hand frequency
------------------------------------------------------------
0                      108908 57.6  57.6
1                       80115 42.4 100.0

#data hand_data=>[qw(0 1)],
#data hand_frequency=>[0.576,0.424],
#data hand_cumulative=>[0.576,1.000],

keyboard finger frequency
------------------------------------------------------------
0                       15928  8.4   8.4
1                       29747 15.7  24.2
2                       21721 11.5  35.7
3                       35704 18.9  54.5
4                        5808  3.1  57.6
6                       29653 15.7  73.3
7                       19820 10.5  83.8
8                       30642 16.2 100.0

#data finger_data=>[qw(0 1 2 3 4 6 7 8)],
#data finger_frequency=>[0.084,0.157,0.115,0.189,0.031,0.157,0.105,0.162],
#data finger_cumulative=>[0.084,0.242,0.357,0.545,0.576,0.733,0.838,1.000],

keyboard left hand run length
------------------------------------------------------------
1                       30556 48.8  48.8
2                       18624 29.7  78.5
3                        7066 11.3  89.8
4                        3613  5.8  95.5
5                        1738  2.8  98.3
6                         557  0.9  99.2
7                         298  0.5  99.7
8                         110  0.2  99.8
9                          53  0.1  99.9
10                         28  0.0 100.0
11                          8  0.0 100.0
12                          4  0.0 100.0
13                          1  0.0 100.0
14                          2  0.0 100.0

#data left_hand_run_data=>[qw(1 2 3 4 5 6 7 8 9 10 11 12 13 14)],
#data left_hand_run_frequency=>[0.488,0.297,0.113,0.058,0.028,0.009,0.005,0.002,0.001,0.000,0.000,0.000,0.000,0.000],
#data left_hand_run_cumulative=>[0.488,0.785,0.898,0.955,0.983,0.992,0.997,0.998,0.999,1.000,1.000,1.000,1.000,1.000],

keyboard right hand run length
------------------------------------------------------------
1                       41977 67.0  67.0
2                       15524 24.8  91.8
3                        4198  6.7  98.5
4                         826  1.3  99.8
5                         113  0.2 100.0
6                          17  0.0 100.0
7                           1  0.0 100.0

#data right_hand_run_data=>[qw(1 2 3 4 5 6 7)],
#data right_hand_run_frequency=>[0.670,0.248,0.067,0.013,0.002,0.000,0.000],
#data right_hand_run_cumulative=>[0.670,0.918,0.985,0.998,1.000,1.000,1.000],

keyboard hand run length
------------------------------------------------------------
1                       72533 57.9  57.9
2                       34148 27.2  85.1
3                       11264  9.0  94.1
4                        4439  3.5  97.7
5                        1851  1.5  99.1
6                         574  0.5  99.6
7                         299  0.2  99.8
8                         110  0.1  99.9
9                          53  0.0 100.0
10                         28  0.0 100.0
11                          8  0.0 100.0
12                          4  0.0 100.0
13                          1  0.0 100.0
14                          2  0.0 100.0

#data all_hand_run_data=>[qw(1 2 3 4 5 6 7 8 9 10 11 12 13 14)],
#data all_hand_run_frequency=>[0.579,0.272,0.090,0.035,0.015,0.005,0.002,0.001,0.000,0.000,0.000,0.000,0.000,0.000],
#data all_hand_run_cumulative=>[0.579,0.851,0.941,0.977,0.991,0.996,0.998,0.999,1.000,1.000,1.000,1.000,1.000,1.000],

keyboard top row run length
------------------------------------------------------------
1                       37093 84.1  84.1
2                        6305 14.3  98.4
3                         688  1.6 100.0
4                           7  0.0 100.0

#data t_row_run_data=>[qw(1 2 3 4)],
#data t_row_run_frequency=>[0.841,0.143,0.016,0.000],
#data t_row_run_cumulative=>[0.841,0.984,1.000,1.000],

keyboard home row run length
------------------------------------------------------------
1                       27383 46.8  46.8
2                       13670 23.4  70.1
3                        7785 13.3  83.4
4                        4420  7.6  91.0
5                        2556  4.4  95.3
6                        1252  2.1  97.5
7                         656  1.1  98.6
8                         395  0.7  99.3
9                         178  0.3  99.6
10                        120  0.2  99.8
11                         63  0.1  99.9
12                         26  0.0  99.9
13                         20  0.0 100.0
14                          9  0.0 100.0
15                          4  0.0 100.0
16                          1  0.0 100.0
18                          2  0.0 100.0

#data h_row_run_data=>[qw(1 2 3 4 5 6 7 8 9 10 11 12 13 14 15 16 18)],
#data h_row_run_frequency=>[0.468,0.234,0.133,0.076,0.044,0.021,0.011,0.007,0.003,0.002,0.001,0.000,0.000,0.000,0.000,0.000,0.000],
#data h_row_run_cumulative=>[0.468,0.701,0.834,0.910,0.953,0.975,0.986,0.993,0.996,0.998,0.999,0.999,1.000,1.000,1.000,1.000,1.000],

keyboard bottom row run length
------------------------------------------------------------
1                       23936 90.5  90.5
2                        2394  9.1  99.6
3                         107  0.4 100.0
4                           9  0.0 100.0

#data b_row_run_data=>[qw(1 2 3 4)],
#data b_row_run_frequency=>[0.905,0.091,0.004,0.000],
#data b_row_run_cumulative=>[0.905,0.996,1.000,1.000],

keyboard row run length
------------------------------------------------------------
1                       88412 68.5  68.5
2                       22369 17.3  85.8
3                        8580  6.6  92.5
4                        4436  3.4  95.9
5                        2556  2.0  97.9
6                        1252  1.0  98.9
7                         656  0.5  99.4
8                         395  0.3  99.7
9                         178  0.1  99.8
10                        120  0.1  99.9
11                         63  0.0 100.0
12                         26  0.0 100.0
13                         20  0.0 100.0
14                          9  0.0 100.0
15                          4  0.0 100.0
16                          1  0.0 100.0
18                          2  0.0 100.0

#data all_row_run_data=>[qw(1 2 3 4 5 6 7 8 9 10 11 12 13 14 15 16 18)],
#data all_row_run_frequency=>[0.685,0.173,0.066,0.034,0.020,0.010,0.005,0.003,0.001,0.001,0.000,0.000,0.000,0.000,0.000,0.000,0.000],
#data all_row_run_cumulative=>[0.685,0.858,0.925,0.959,0.979,0.989,0.994,0.997,0.998,0.999,1.000,1.000,1.000,1.000,1.000,1.000,1.000],

keyboard finger run length
------------------------------------------------------------
1                      169999 90.2  90.2
2                       16880  9.0  99.1
3                        1517  0.8  99.9
4                         152  0.1 100.0
5                          13  0.0 100.0

#data finger_run_data=>[qw(1 2 3 4 5)],
#data finger_run_frequency=>[0.902,0.090,0.008,0.001,0.000],
#data finger_run_cumulative=>[0.902,0.991,0.999,1.000,1.000],

keyboard same-hand row jump length
------------------------------------------------------------
1                      112601 73.8  73.8
2                       26901 17.6  91.5
3                        7854  5.1  96.6
4                        3147  2.1  98.7
5                        1431  0.9  99.6
6                         335  0.2  99.8
7                         122  0.1  99.9
8                         104  0.1 100.0
9                          20  0.0 100.0
10                          8  0.0 100.0
11                          6  0.0 100.0
13                          1  0.0 100.0

#data row_jump_data=>[qw(1 2 3 4 5 6 7 8 9 10 11 13)],
#data row_jump_frequency=>[0.738,0.176,0.051,0.021,0.009,0.002,0.001,0.001,0.000,0.000,0.000,0.000],
#data row_jump_cumulative=>[0.738,0.915,0.966,0.987,0.996,0.998,0.999,1.000,1.000,1.000,1.000,1.000],

corpus character frequency
------------------------------------------------------------
e                       25812 12.4  12.4
t                       19690  9.4  21.8
a                       16964  8.1  29.9
o                       16205  7.8  37.6
i                       14889  7.1  44.8
n                       13500  6.5  51.2
h                       13416  6.4  57.6
s                       12767  6.1  63.8
r                       11661  5.6  69.3
d                        9199  4.4  73.7
l                        9127  4.4  78.1
u                        6662  3.2  81.3
w                        5037  2.4  83.7
y                        4988  2.4  86.1
m                        4818  2.3  88.4
g                        4608  2.2  90.6
c                        4593  2.2  92.8
f                        4100  2.0  94.8
p                        3131  1.5  96.3
b                        2937  1.4  97.7
k                        1955  0.9  98.6
v                        1837  0.9  99.5
x                         373  0.2  99.7
q                         326  0.2  99.8
j                         271  0.1  99.9
z                         117  0.1 100.0

#data character_frequency_data=>[qw(e t a o i n h s r d l u w y m g c f p b k v x q j z)],
#data character_frequency_frequency=>[0.124,0.094,0.081,0.078,0.071,0.065,0.064,0.061,0.056,0.044,0.044,0.032,0.024,0.024,0.023,0.022,0.022,0.020,0.015,0.014,0.009,0.009,0.002,0.002,0.001,0.001],
#data character_frequency_cumulative=>[0.124,0.218,0.299,0.376,0.448,0.512,0.576,0.638,0.693,0.737,0.781,0.813,0.837,0.861,0.884,0.906,0.928,0.948,0.963,0.977,0.986,0.995,0.997,0.998,0.999,1.000],

