Keyboard effort
------------------------------------------------------------
k1                      0.883  72.9  72.9
k1,k2                   1.156  22.6  95.5
k1,k2,k3                1.211   4.5 100.0
b                       0.333  16.8  16.8
p                       0.878  44.2 138.0
ph                      0.000   0.0   0.0
pr                      0.199  22.7  22.7
pf                      0.549  62.6  85.3
s                       0.774  39.0 100.0
all                     1.985 100.0 100.0

#data effort_k1=>[0.883,72.918,72.918],
#data effort_k12=>[1.156,22.576,95.494],
#data effort_k123=>[1.211,4.506,100.000],
#data effort_base=>[0.333,16.797,16.797],
#data effort_penalty=>[0.878,44.215,137.989],
#data effort_penalty_hand=>[0.000,0.000,0.000],
#data effort_penalty_row=>[0.199,22.710,22.710],
#data effort_penalty_finger=>[0.549,62.589,85.299],
#data effort_path=>[0.774,38.988,100.000],
#data effort_all=>[1.985,100.000,100.000],

keyboard row frequency
------------------------------------------------------------
1                     1334700 14.6  14.6
2                     6479107 70.8  85.4
3                     1337358 14.6 100.0

#data row_data=>[qw(1 2 3)],
#data row_frequency=>[0.146,0.708,0.146],
#data row_cumulative=>[0.146,0.854,1.000],

keyboard hand frequency
------------------------------------------------------------
0                     4175384 45.6  45.6
1                     4975781 54.4 100.0

#data hand_data=>[qw(0 1)],
#data hand_frequency=>[0.456,0.544],
#data hand_cumulative=>[0.456,1.000],

keyboard finger frequency
------------------------------------------------------------
0                      718101  7.8   7.8
1                      762228  8.3  16.2
2                     1337571 14.6  30.8
3                     1357484 14.8  45.6
6                     1811818 19.8  65.4
7                     1232309 13.5  78.9
8                     1291081 14.1  93.0
9                      640573  7.0 100.0

#data finger_data=>[qw(0 1 2 3 6 7 8 9)],
#data finger_frequency=>[0.078,0.083,0.146,0.148,0.198,0.135,0.141,0.070],
#data finger_cumulative=>[0.078,0.162,0.308,0.456,0.654,0.789,0.930,1.000],

keyboard left hand run length
------------------------------------------------------------
1                     2079761 69.6  69.6
2                      599893 20.1  89.6
3                      205521  6.9  96.5
4                       73061  2.4  98.9
5                       21245  0.7  99.6
6                        7706  0.3  99.9
7                        2110  0.1 100.0
8                         577  0.0 100.0
9                         216  0.0 100.0
10                         56  0.0 100.0
11                         24  0.0 100.0
12                          2  0.0 100.0
13                          4  0.0 100.0
14                          1  0.0 100.0
17                          2  0.0 100.0
18                          1  0.0 100.0
20                          1  0.0 100.0

#data left_hand_run_data=>[qw(1 2 3 4 5 6 7 8 9 10 11 12 13 14 17 18 20)],
#data left_hand_run_frequency=>[0.696,0.201,0.069,0.024,0.007,0.003,0.001,0.000,0.000,0.000,0.000,0.000,0.000,0.000,0.000,0.000,0.000],
#data left_hand_run_cumulative=>[0.696,0.896,0.965,0.989,0.996,0.999,1.000,1.000,1.000,1.000,1.000,1.000,1.000,1.000,1.000,1.000,1.000],

keyboard right hand run length
------------------------------------------------------------
1                     1440303 48.2  48.2
2                     1001012 33.5  81.6
3                      430613 14.4  96.0
4                      104331  3.5  99.5
5                       12581  0.4 100.0
6                        1199  0.0 100.0
7                         116  0.0 100.0
8                          10  0.0 100.0
9                           4  0.0 100.0
10                          2  0.0 100.0
12                          2  0.0 100.0
13                          1  0.0 100.0
16                          2  0.0 100.0
17                          1  0.0 100.0
18                          1  0.0 100.0
21                          1  0.0 100.0

#data right_hand_run_data=>[qw(1 2 3 4 5 6 7 8 9 10 12 13 16 17 18 21)],
#data right_hand_run_frequency=>[0.482,0.335,0.144,0.035,0.004,0.000,0.000,0.000,0.000,0.000,0.000,0.000,0.000,0.000,0.000,0.000],
#data right_hand_run_cumulative=>[0.482,0.816,0.960,0.995,1.000,1.000,1.000,1.000,1.000,1.000,1.000,1.000,1.000,1.000,1.000,1.000],

keyboard hand run length
------------------------------------------------------------
1                     3520064 58.9  58.9
2                     1600905 26.8  85.6
3                      636134 10.6  96.3
4                      177392  3.0  99.2
5                       33826  0.6  99.8
6                        8905  0.1  99.9
7                        2226  0.0 100.0
8                         587  0.0 100.0
9                         220  0.0 100.0
10                         58  0.0 100.0
11                         24  0.0 100.0
12                          4  0.0 100.0
13                          5  0.0 100.0
14                          1  0.0 100.0
16                          2  0.0 100.0
17                          3  0.0 100.0
18                          2  0.0 100.0
20                          1  0.0 100.0
21                          1  0.0 100.0

#data all_hand_run_data=>[qw(1 2 3 4 5 6 7 8 9 10 11 12 13 14 16 17 18 20 21)],
#data all_hand_run_frequency=>[0.589,0.268,0.106,0.030,0.006,0.001,0.000,0.000,0.000,0.000,0.000,0.000,0.000,0.000,0.000,0.000,0.000,0.000,0.000],
#data all_hand_run_cumulative=>[0.589,0.856,0.963,0.992,0.998,0.999,1.000,1.000,1.000,1.000,1.000,1.000,1.000,1.000,1.000,1.000,1.000,1.000,1.000],

keyboard top row run length
------------------------------------------------------------
1                     1063703 86.9  86.9
2                      144553 11.8  98.7
3                       15253  1.2  99.9
4                         896  0.1 100.0
5                          37  0.0 100.0
6                           2  0.0 100.0
7                           4  0.0 100.0
15                          1  0.0 100.0

#data t_row_run_data=>[qw(1 2 3 4 5 6 7 15)],
#data t_row_run_frequency=>[0.869,0.118,0.012,0.001,0.000,0.000,0.000,0.000],
#data t_row_run_cumulative=>[0.869,0.987,0.999,1.000,1.000,1.000,1.000,1.000],

keyboard home row run length
------------------------------------------------------------
1                      699446 32.6  32.6
2                      449618 21.0  53.6
3                      291943 13.6  67.2
4                      218129 10.2  77.3
5                      156408  7.3  84.6
6                      104973  4.9  89.5
7                       73097  3.4  92.9
8                       50220  2.3  95.3
9                       33594  1.6  96.8
10                      22855  1.1  97.9
11                      15112  0.7  98.6
12                       9971  0.5  99.1
13                       6602  0.3  99.4
14                       4550  0.2  99.6
15                       3002  0.1  99.7
16                       2026  0.1  99.8
17                       1373  0.1  99.9
18                        900  0.0  99.9
19                        589  0.0  99.9
20                        401  0.0 100.0
21                        312  0.0 100.0
22                        191  0.0 100.0
23                        123  0.0 100.0
24                         99  0.0 100.0
25                         68  0.0 100.0
26                         31  0.0 100.0
27                         28  0.0 100.0
28                         17  0.0 100.0
29                          9  0.0 100.0
30                          5  0.0 100.0
31                          2  0.0 100.0
32                          4  0.0 100.0
33                          3  0.0 100.0
34                          2  0.0 100.0
36                          1  0.0 100.0
37                          1  0.0 100.0
40                          1  0.0 100.0
46                          1  0.0 100.0

#data h_row_run_data=>[qw(1 2 3 4 5 6 7 8 9 10 11 12 13 14 15 16 17 18 19 20 21 22 23 24 25 26 27 28 29 30 31 32 33 34 36 37 40 46)],
#data h_row_run_frequency=>[0.326,0.210,0.136,0.102,0.073,0.049,0.034,0.023,0.016,0.011,0.007,0.005,0.003,0.002,0.001,0.001,0.001,0.000,0.000,0.000,0.000,0.000,0.000,0.000,0.000,0.000,0.000,0.000,0.000,0.000,0.000,0.000,0.000,0.000,0.000,0.000,0.000,0.000],
#data h_row_run_cumulative=>[0.326,0.536,0.672,0.773,0.846,0.895,0.929,0.953,0.968,0.979,0.986,0.991,0.994,0.996,0.997,0.998,0.999,0.999,0.999,1.000,1.000,1.000,1.000,1.000,1.000,1.000,1.000,1.000,1.000,1.000,1.000,1.000,1.000,1.000,1.000,1.000,1.000,1.000],

keyboard bottom row run length
------------------------------------------------------------
1                     1101695 88.9  88.9
2                      125415 10.1  99.1
3                       11553  0.9 100.0
4                         169  0.0 100.0
5                           3  0.0 100.0
9                           4  0.0 100.0
18                          1  0.0 100.0

#data b_row_run_data=>[qw(1 2 3 4 5 9 18)],
#data b_row_run_frequency=>[0.889,0.101,0.009,0.000,0.000,0.000,0.000],
#data b_row_run_cumulative=>[0.889,0.991,1.000,1.000,1.000,1.000,1.000],

keyboard row run length
------------------------------------------------------------
1                     2864844 62.2  62.2
2                      719586 15.6  77.8
3                      318749  6.9  84.7
4                      219194  4.8  89.4
5                      156448  3.4  92.8
6                      104975  2.3  95.1
7                       73101  1.6  96.7
8                       50220  1.1  97.8
9                       33598  0.7  98.5
10                      22855  0.5  99.0
11                      15112  0.3  99.3
12                       9971  0.2  99.6
13                       6602  0.1  99.7
14                       4550  0.1  99.8
15                       3003  0.1  99.9
16                       2026  0.0  99.9
17                       1373  0.0  99.9
18                        901  0.0 100.0
19                        589  0.0 100.0
20                        401  0.0 100.0
21                        312  0.0 100.0
22                        191  0.0 100.0
23                        123  0.0 100.0
24                         99  0.0 100.0
25                         68  0.0 100.0
26                         31  0.0 100.0
27                         28  0.0 100.0
28                         17  0.0 100.0
29                          9  0.0 100.0
30                          5  0.0 100.0
31                          2  0.0 100.0
32                          4  0.0 100.0
33                          3  0.0 100.0
34                          2  0.0 100.0
36                          1  0.0 100.0
37                          1  0.0 100.0
40                          1  0.0 100.0
46                          1  0.0 100.0

#data all_row_run_data=>[qw(1 2 3 4 5 6 7 8 9 10 11 12 13 14 15 16 17 18 19 20 21 22 23 24 25 26 27 28 29 30 31 32 33 34 36 37 40 46)],
#data all_row_run_frequency=>[0.622,0.156,0.069,0.048,0.034,0.023,0.016,0.011,0.007,0.005,0.003,0.002,0.001,0.001,0.001,0.000,0.000,0.000,0.000,0.000,0.000,0.000,0.000,0.000,0.000,0.000,0.000,0.000,0.000,0.000,0.000,0.000,0.000,0.000,0.000,0.000,0.000,0.000],
#data all_row_run_cumulative=>[0.622,0.778,0.847,0.894,0.928,0.951,0.967,0.978,0.985,0.990,0.993,0.996,0.997,0.998,0.999,0.999,0.999,1.000,1.000,1.000,1.000,1.000,1.000,1.000,1.000,1.000,1.000,1.000,1.000,1.000,1.000,1.000,1.000,1.000,1.000,1.000,1.000,1.000],

keyboard finger run length
------------------------------------------------------------
1                     8099765 91.8  91.8
2                      684013  7.8  99.6
3                       37283  0.4 100.0
4                        1345  0.0 100.0
5                          93  0.0 100.0
6                          19  0.0 100.0
7                           5  0.0 100.0
8                           5  0.0 100.0
9                           6  0.0 100.0
11                          3  0.0 100.0
12                          1  0.0 100.0
20                          1  0.0 100.0

#data finger_run_data=>[qw(1 2 3 4 5 6 7 8 9 11 12 20)],
#data finger_run_frequency=>[0.918,0.078,0.004,0.000,0.000,0.000,0.000,0.000,0.000,0.000,0.000,0.000],
#data finger_run_cumulative=>[0.918,0.996,1.000,1.000,1.000,1.000,1.000,1.000,1.000,1.000,1.000,1.000],

keyboard same-hand row jump length
------------------------------------------------------------
1                     6414766 82.2  82.2
2                      956372 12.3  94.5
3                      353374  4.5  99.0
4                       56672  0.7  99.7
5                       16919  0.2  99.9
6                        3386  0.0 100.0
7                         783  0.0 100.0
8                         150  0.0 100.0
9                          46  0.0 100.0
10                          4  0.0 100.0
11                          2  0.0 100.0
12                          2  0.0 100.0
14                          1  0.0 100.0
18                          1  0.0 100.0

#data row_jump_data=>[qw(1 2 3 4 5 6 7 8 9 10 11 12 14 18)],
#data row_jump_frequency=>[0.822,0.123,0.045,0.007,0.002,0.000,0.000,0.000,0.000,0.000,0.000,0.000,0.000,0.000],
#data row_jump_cumulative=>[0.822,0.945,0.990,0.997,0.999,1.000,1.000,1.000,1.000,1.000,1.000,1.000,1.000,1.000],

corpus character frequency
------------------------------------------------------------
e                     1189270 12.4  12.4
t                      857621  8.9  21.4
a                      772047  8.1  29.4
o                      743158  7.8  37.2
i                      664716  6.9  44.1
n                      659446  6.9  51.0
h                      601534  6.3  57.2
s                      600522  6.3  63.5
r                      551354  5.8  69.3
d                      428936  4.5  73.7
l                      395151  4.1  77.9
u                      278222  2.9  80.8
m                      257890  2.7  83.5
w                      230357  2.4  85.9
c                      228885  2.4  88.2
f                      208786  2.2  90.4
y                      202083  2.1  92.5
g                      192882  2.0  94.5
p                      158583  1.7  96.2
b                      149480  1.6  97.8
v                       91308  1.0  98.7
k                       78419  0.8  99.5
j                       14421  0.2  99.7
x                       14308  0.1  99.8
q                       10285  0.1  99.9
z                        6129  0.1 100.0

#data character_frequency_data=>[qw(e t a o i n h s r d l u m w c f y g p b v k j x q z)],
#data character_frequency_frequency=>[0.124,0.089,0.081,0.078,0.069,0.069,0.063,0.063,0.058,0.045,0.041,0.029,0.027,0.024,0.024,0.022,0.021,0.020,0.017,0.016,0.010,0.008,0.002,0.001,0.001,0.001],
#data character_frequency_cumulative=>[0.124,0.214,0.294,0.372,0.441,0.510,0.572,0.635,0.693,0.737,0.779,0.808,0.835,0.859,0.882,0.904,0.925,0.945,0.962,0.978,0.987,0.995,0.997,0.998,0.999,1.000],

