Keyboard effort
------------------------------------------------------------
k1                      0.789  78.4  78.4
k1,k2                   0.979  18.9  97.2
k1,k2,k3                1.007   2.8 100.0
b                       0.332  19.1  19.1
p                       0.675  38.8 149.3
ph                      0.000   0.0   0.0
pr                      0.148  21.9  21.9
pf                      0.462  68.4  90.3
s                       0.731  42.1 100.0
all                     1.738 100.0 100.0

#data effort_k1=>[0.789,78.368,78.368],
#data effort_k12=>[0.979,18.870,97.238],
#data effort_k123=>[1.007,2.762,100.000],
#data effort_base=>[0.332,19.119,19.119],
#data effort_penalty=>[0.675,38.819,149.251],
#data effort_penalty_hand=>[0.000,0.000,0.000],
#data effort_penalty_row=>[0.148,21.864,21.864],
#data effort_penalty_finger=>[0.462,68.410,90.274],
#data effort_path=>[0.731,42.062,100.000],
#data effort_all=>[1.738,100.000,100.000],

keyboard row frequency
------------------------------------------------------------
1                     1819657 19.9  19.9
2                     6734080 73.6  93.5
3                      597428  6.5 100.0

#data row_data=>[qw(1 2 3)],
#data row_frequency=>[0.199,0.736,0.065],
#data row_cumulative=>[0.199,0.935,1.000],

keyboard hand frequency
------------------------------------------------------------
0                     4643715 50.7  50.7
1                     4507450 49.3 100.0

#data hand_data=>[qw(0 1)],
#data hand_frequency=>[0.507,0.493],
#data hand_cumulative=>[0.507,1.000],

keyboard finger frequency
------------------------------------------------------------
0                      727520  8.0   8.0
1                      855639  9.4  17.3
2                     1132618 12.4  29.7
3                     1927938 21.1  50.7
6                     1768998 19.3  70.1
7                     1384856 15.1  85.2
8                      829340  9.1  94.3
9                      524256  5.7 100.0

#data finger_data=>[qw(0 1 2 3 6 7 8 9)],
#data finger_frequency=>[0.080,0.094,0.124,0.211,0.193,0.151,0.091,0.057],
#data finger_cumulative=>[0.080,0.173,0.297,0.507,0.701,0.852,0.943,1.000],

keyboard left hand run length
------------------------------------------------------------
1                     1309718 50.0  50.0
2                      788516 30.1  80.1
3                      291222 11.1  91.2
4                      126696  4.8  96.1
5                       60228  2.3  98.4
6                       26844  1.0  99.4
7                        9632  0.4  99.8
8                        3882  0.1  99.9
9                        1624  0.1 100.0
10                        603  0.0 100.0
11                        240  0.0 100.0
12                         85  0.0 100.0
13                         41  0.0 100.0
14                         11  0.0 100.0
15                          7  0.0 100.0
16                          2  0.0 100.0
18                          1  0.0 100.0
19                          1  0.0 100.0
20                          4  0.0 100.0
25                          1  0.0 100.0

#data left_hand_run_data=>[qw(1 2 3 4 5 6 7 8 9 10 11 12 13 14 15 16 18 19 20 25)],
#data left_hand_run_frequency=>[0.500,0.301,0.111,0.048,0.023,0.010,0.004,0.001,0.001,0.000,0.000,0.000,0.000,0.000,0.000,0.000,0.000,0.000,0.000,0.000],
#data left_hand_run_cumulative=>[0.500,0.801,0.912,0.961,0.984,0.994,0.998,0.999,1.000,1.000,1.000,1.000,1.000,1.000,1.000,1.000,1.000,1.000,1.000,1.000],

keyboard right hand run length
------------------------------------------------------------
1                     1330357 50.8  50.8
2                      782227 29.9  80.7
3                      304044 11.6  92.3
4                      130753  5.0  97.3
5                       45699  1.7  99.0
6                       16222  0.6  99.6
7                        6299  0.2  99.9
8                        2267  0.1  99.9
9                         856  0.0 100.0
10                        374  0.0 100.0
11                        144  0.0 100.0
12                         51  0.0 100.0
13                         23  0.0 100.0
14                         16  0.0 100.0
15                         13  0.0 100.0
16                          2  0.0 100.0
17                          2  0.0 100.0
18                          5  0.0 100.0
19                          1  0.0 100.0
20                          2  0.0 100.0
22                          1  0.0 100.0
31                          1  0.0 100.0

#data right_hand_run_data=>[qw(1 2 3 4 5 6 7 8 9 10 11 12 13 14 15 16 17 18 19 20 22 31)],
#data right_hand_run_frequency=>[0.508,0.299,0.116,0.050,0.017,0.006,0.002,0.001,0.000,0.000,0.000,0.000,0.000,0.000,0.000,0.000,0.000,0.000,0.000,0.000,0.000,0.000],
#data right_hand_run_cumulative=>[0.508,0.807,0.923,0.973,0.990,0.996,0.999,0.999,1.000,1.000,1.000,1.000,1.000,1.000,1.000,1.000,1.000,1.000,1.000,1.000,1.000,1.000],

keyboard hand run length
------------------------------------------------------------
1                     2640075 50.4  50.4
2                     1570743 30.0  80.4
3                      595266 11.4  91.7
4                      257449  4.9  96.7
5                      105927  2.0  98.7
6                       43066  0.8  99.5
7                       15931  0.3  99.8
8                        6149  0.1  99.9
9                        2480  0.0 100.0
10                        977  0.0 100.0
11                        384  0.0 100.0
12                        136  0.0 100.0
13                         64  0.0 100.0
14                         27  0.0 100.0
15                         20  0.0 100.0
16                          4  0.0 100.0
17                          2  0.0 100.0
18                          6  0.0 100.0
19                          2  0.0 100.0
20                          6  0.0 100.0
22                          1  0.0 100.0
25                          1  0.0 100.0
31                          1  0.0 100.0

#data all_hand_run_data=>[qw(1 2 3 4 5 6 7 8 9 10 11 12 13 14 15 16 17 18 19 20 22 25 31)],
#data all_hand_run_frequency=>[0.504,0.300,0.114,0.049,0.020,0.008,0.003,0.001,0.000,0.000,0.000,0.000,0.000,0.000,0.000,0.000,0.000,0.000,0.000,0.000,0.000,0.000,0.000],
#data all_hand_run_cumulative=>[0.504,0.804,0.917,0.967,0.987,0.995,0.998,0.999,1.000,1.000,1.000,1.000,1.000,1.000,1.000,1.000,1.000,1.000,1.000,1.000,1.000,1.000,1.000],

keyboard top row run length
------------------------------------------------------------
1                     1104933 76.0  76.0
2                      277279 19.1  95.1
3                       56622  3.9  99.0
4                       11568  0.8  99.7
5                        2772  0.2  99.9
6                         697  0.0 100.0
7                         132  0.0 100.0
8                          24  0.0 100.0
9                           9  0.0 100.0
10                          3  0.0 100.0
11                          2  0.0 100.0
12                          1  0.0 100.0
14                          1  0.0 100.0
27                          1  0.0 100.0

#data t_row_run_data=>[qw(1 2 3 4 5 6 7 8 9 10 11 12 14 27)],
#data t_row_run_frequency=>[0.760,0.191,0.039,0.008,0.002,0.000,0.000,0.000,0.000,0.000,0.000,0.000,0.000,0.000],
#data t_row_run_cumulative=>[0.760,0.951,0.990,0.997,0.999,1.000,1.000,1.000,1.000,1.000,1.000,1.000,1.000,1.000],

keyboard home row run length
------------------------------------------------------------
1                      495620 26.0  26.0
2                      385476 20.2  46.2
3                      271384 14.2  60.4
4                      197687 10.4  70.8
5                      159575  8.4  79.2
6                      110166  5.8  84.9
7                       80947  4.2  89.2
8                       59062  3.1  92.3
9                       41637  2.2  94.5
10                      29950  1.6  96.0
11                      21283  1.1  97.2
12                      15161  0.8  97.9
13                      11071  0.6  98.5
14                       7823  0.4  98.9
15                       5745  0.3  99.2
16                       4154  0.2  99.5
17                       2846  0.1  99.6
18                       2129  0.1  99.7
19                       1479  0.1  99.8
20                       1030  0.1  99.8
21                        819  0.0  99.9
22                        582  0.0  99.9
23                        398  0.0  99.9
24                        323  0.0 100.0
25                        229  0.0 100.0
26                        159  0.0 100.0
27                        108  0.0 100.0
28                         69  0.0 100.0
29                         53  0.0 100.0
30                         36  0.0 100.0
31                         21  0.0 100.0
32                         17  0.0 100.0
33                         16  0.0 100.0
34                         13  0.0 100.0
35                          7  0.0 100.0
36                          7  0.0 100.0
37                          3  0.0 100.0
38                          3  0.0 100.0
39                          1  0.0 100.0
40                          1  0.0 100.0
41                          2  0.0 100.0
43                          1  0.0 100.0
45                          1  0.0 100.0

#data h_row_run_data=>[qw(1 2 3 4 5 6 7 8 9 10 11 12 13 14 15 16 17 18 19 20 21 22 23 24 25 26 27 28 29 30 31 32 33 34 35 36 37 38 39 40 41 43 45)],
#data h_row_run_frequency=>[0.260,0.202,0.142,0.104,0.084,0.058,0.042,0.031,0.022,0.016,0.011,0.008,0.006,0.004,0.003,0.002,0.001,0.001,0.001,0.001,0.000,0.000,0.000,0.000,0.000,0.000,0.000,0.000,0.000,0.000,0.000,0.000,0.000,0.000,0.000,0.000,0.000,0.000,0.000,0.000,0.000,0.000,0.000],
#data h_row_run_cumulative=>[0.260,0.462,0.604,0.708,0.792,0.849,0.892,0.923,0.945,0.960,0.972,0.979,0.985,0.989,0.992,0.995,0.996,0.997,0.998,0.998,0.999,0.999,0.999,1.000,1.000,1.000,1.000,1.000,1.000,1.000,1.000,1.000,1.000,1.000,1.000,1.000,1.000,1.000,1.000,1.000,1.000,1.000,1.000],

keyboard bottom row run length
------------------------------------------------------------
1                      560507 94.8  94.8
2                       29996  5.1  99.9
3                         544  0.1 100.0
4                          11  0.0 100.0
5                           1  0.0 100.0
9                           4  0.0 100.0

#data b_row_run_data=>[qw(1 2 3 4 5 9)],
#data b_row_run_frequency=>[0.948,0.051,0.001,0.000,0.000,0.000],
#data b_row_run_cumulative=>[0.948,0.999,1.000,1.000,1.000,1.000],

keyboard row run length
------------------------------------------------------------
1                     2161060 54.7  54.7
2                      692751 17.5  72.2
3                      328550  8.3  80.5
4                      209266  5.3  85.8
5                      162348  4.1  89.9
6                      110863  2.8  92.7
7                       81079  2.1  94.8
8                       59086  1.5  96.3
9                       41650  1.1  97.3
10                      29953  0.8  98.1
11                      21285  0.5  98.6
12                      15162  0.4  99.0
13                      11071  0.3  99.3
14                       7824  0.2  99.5
15                       5745  0.1  99.6
16                       4154  0.1  99.7
17                       2846  0.1  99.8
18                       2129  0.1  99.9
19                       1479  0.0  99.9
20                       1030  0.0  99.9
21                        819  0.0  99.9
22                        582  0.0 100.0
23                        398  0.0 100.0
24                        323  0.0 100.0
25                        229  0.0 100.0
26                        159  0.0 100.0
27                        109  0.0 100.0
28                         69  0.0 100.0
29                         53  0.0 100.0
30                         36  0.0 100.0
31                         21  0.0 100.0
32                         17  0.0 100.0
33                         16  0.0 100.0
34                         13  0.0 100.0
35                          7  0.0 100.0
36                          7  0.0 100.0
37                          3  0.0 100.0
38                          3  0.0 100.0
39                          1  0.0 100.0
40                          1  0.0 100.0
41                          2  0.0 100.0
43                          1  0.0 100.0
45                          1  0.0 100.0

#data all_row_run_data=>[qw(1 2 3 4 5 6 7 8 9 10 11 12 13 14 15 16 17 18 19 20 21 22 23 24 25 26 27 28 29 30 31 32 33 34 35 36 37 38 39 40 41 43 45)],
#data all_row_run_frequency=>[0.547,0.175,0.083,0.053,0.041,0.028,0.021,0.015,0.011,0.008,0.005,0.004,0.003,0.002,0.001,0.001,0.001,0.001,0.000,0.000,0.000,0.000,0.000,0.000,0.000,0.000,0.000,0.000,0.000,0.000,0.000,0.000,0.000,0.000,0.000,0.000,0.000,0.000,0.000,0.000,0.000,0.000,0.000],
#data all_row_run_cumulative=>[0.547,0.722,0.805,0.858,0.899,0.927,0.948,0.963,0.973,0.981,0.986,0.990,0.993,0.995,0.996,0.997,0.998,0.999,0.999,0.999,0.999,1.000,1.000,1.000,1.000,1.000,1.000,1.000,1.000,1.000,1.000,1.000,1.000,1.000,1.000,1.000,1.000,1.000,1.000,1.000,1.000,1.000,1.000],

keyboard finger run length
------------------------------------------------------------
1                     8056672 91.7  91.7
2                      678948  7.7  99.4
3                       42526  0.5  99.9
4                        8835  0.1 100.0
5                        1272  0.0 100.0
6                         228  0.0 100.0
7                          23  0.0 100.0
8                          12  0.0 100.0
9                           9  0.0 100.0
10                          1  0.0 100.0
11                          3  0.0 100.0
12                          5  0.0 100.0
13                          1  0.0 100.0
15                          4  0.0 100.0
20                          1  0.0 100.0
21                          1  0.0 100.0
24                          1  0.0 100.0

#data finger_run_data=>[qw(1 2 3 4 5 6 7 8 9 10 11 12 13 15 20 21 24)],
#data finger_run_frequency=>[0.917,0.077,0.005,0.001,0.000,0.000,0.000,0.000,0.000,0.000,0.000,0.000,0.000,0.000,0.000,0.000,0.000],
#data finger_run_cumulative=>[0.917,0.994,0.999,1.000,1.000,1.000,1.000,1.000,1.000,1.000,1.000,1.000,1.000,1.000,1.000,1.000,1.000],

keyboard same-hand row jump length
------------------------------------------------------------
1                     6592436 83.4  83.4
2                     1005744 12.7  96.1
3                      230637  2.9  99.0
4                       57752  0.7  99.8
5                       14496  0.2 100.0
6                        2645  0.0 100.0
7                         631  0.0 100.0
8                         165  0.0 100.0
9                          27  0.0 100.0
10                          4  0.0 100.0
11                          1  0.0 100.0
14                          1  0.0 100.0
24                          1  0.0 100.0

#data row_jump_data=>[qw(1 2 3 4 5 6 7 8 9 10 11 14 24)],
#data row_jump_frequency=>[0.834,0.127,0.029,0.007,0.002,0.000,0.000,0.000,0.000,0.000,0.000,0.000,0.000],
#data row_jump_cumulative=>[0.834,0.961,0.990,0.998,1.000,1.000,1.000,1.000,1.000,1.000,1.000,1.000,1.000],

corpus character frequency
------------------------------------------------------------
e                     1189270 12.4  12.4
t                      857621  8.9  21.4
a                      772047  8.1  29.4
o                      743158  7.8  37.2
i                      664716  6.9  44.1
n                      659446  6.9  51.0
h                      601534  6.3  57.2
s                      600522  6.3  63.5
r                      551354  5.8  69.3
d                      428936  4.5  73.7
l                      395151  4.1  77.9
u                      278222  2.9  80.8
m                      257890  2.7  83.5
w                      230357  2.4  85.9
c                      228885  2.4  88.2
f                      208786  2.2  90.4
y                      202083  2.1  92.5
g                      192882  2.0  94.5
p                      158583  1.7  96.2
b                      149480  1.6  97.8
v                       91308  1.0  98.7
k                       78419  0.8  99.5
j                       14421  0.2  99.7
x                       14308  0.1  99.8
q                       10285  0.1  99.9
z                        6129  0.1 100.0

#data character_frequency_data=>[qw(e t a o i n h s r d l u m w c f y g p b v k j x q z)],
#data character_frequency_frequency=>[0.124,0.089,0.081,0.078,0.069,0.069,0.063,0.063,0.058,0.045,0.041,0.029,0.027,0.024,0.024,0.022,0.021,0.020,0.017,0.016,0.010,0.008,0.002,0.001,0.001,0.001],
#data character_frequency_cumulative=>[0.124,0.214,0.294,0.372,0.441,0.510,0.572,0.635,0.693,0.737,0.779,0.808,0.835,0.859,0.882,0.904,0.925,0.945,0.962,0.978,0.987,0.995,0.997,0.998,0.999,1.000],

