Keyboard effort
------------------------------------------------------------
k1                      0.821  76.1  76.1
k1,k2                   1.042  20.4  96.5
k1,k2,k3                1.079   3.5 100.0
b                       0.470  24.9  24.9
p                       0.609  32.3 177.3
ph                      0.000   0.0   0.0
pr                      0.207  34.0  34.0
pf                      0.330  54.3  88.3
s                       0.808  42.8 100.0
all                     1.887 100.0 100.0

#data effort_k1=>[0.821,76.100,76.100],
#data effort_k12=>[1.042,20.448,96.549],
#data effort_k123=>[1.079,3.451,100.000],
#data effort_base=>[0.470,24.918,24.918],
#data effort_penalty=>[0.609,32.251,177.263],
#data effort_penalty_hand=>[0.000,0.000,0.000],
#data effort_penalty_row=>[0.207,34.030,34.030],
#data effort_penalty_finger=>[0.330,54.269,88.298],
#data effort_path=>[0.808,42.830,100.000],
#data effort_all=>[1.887,100.000,100.000],

keyboard row frequency
------------------------------------------------------------
1                     1818070 19.9  19.9
2                     6154724 67.3  87.1
3                     1178371 12.9 100.0

#data row_data=>[qw(1 2 3)],
#data row_frequency=>[0.199,0.673,0.129],
#data row_cumulative=>[0.199,0.871,1.000],

keyboard hand frequency
------------------------------------------------------------
0                     4777816 52.2  52.2
1                     4373349 47.8 100.0

#data hand_data=>[qw(0 1)],
#data hand_frequency=>[0.522,0.478],
#data hand_cumulative=>[0.522,1.000],

keyboard finger frequency
------------------------------------------------------------
0                      589972  6.4   6.4
1                      621233  6.8  13.2
2                     1020899 11.2  24.4
3                     2545712 27.8  52.2
6                     2044461 22.3  74.6
7                     1204387 13.2  87.7
8                      938314 10.3  98.0
9                      186187  2.0 100.0

#data finger_data=>[qw(0 1 2 3 6 7 8 9)],
#data finger_frequency=>[0.064,0.068,0.112,0.278,0.223,0.132,0.103,0.020],
#data finger_cumulative=>[0.064,0.132,0.244,0.522,0.746,0.877,0.980,1.000],

keyboard left hand run length
------------------------------------------------------------
1                     1506928 50.9  50.9
2                      963713 32.5  83.4
3                      389177 13.1  96.6
4                       88983  3.0  99.6
5                       11005  0.4 100.0
6                        1180  0.0 100.0
7                         115  0.0 100.0
8                          13  0.0 100.0
9                           2  0.0 100.0
10                          6  0.0 100.0
12                          2  0.0 100.0
13                          1  0.0 100.0
16                          2  0.0 100.0
17                          1  0.0 100.0
18                          1  0.0 100.0
21                          1  0.0 100.0

#data left_hand_run_data=>[qw(1 2 3 4 5 6 7 8 9 10 12 13 16 17 18 21)],
#data left_hand_run_frequency=>[0.509,0.325,0.131,0.030,0.004,0.000,0.000,0.000,0.000,0.000,0.000,0.000,0.000,0.000,0.000,0.000],
#data left_hand_run_cumulative=>[0.509,0.834,0.966,0.996,1.000,1.000,1.000,1.000,1.000,1.000,1.000,1.000,1.000,1.000,1.000,1.000],

keyboard right hand run length
------------------------------------------------------------
1                     1917038 64.7  64.7
2                      669751 22.6  87.4
3                      249315  8.4  95.8
4                       84040  2.8  98.6
5                       27709  0.9  99.6
6                        9227  0.3  99.9
7                        2831  0.1 100.0
8                         824  0.0 100.0
9                         275  0.0 100.0
10                         82  0.0 100.0
11                         22  0.0 100.0
12                          7  0.0 100.0
13                          5  0.0 100.0
14                          1  0.0 100.0
17                          2  0.0 100.0
20                          1  0.0 100.0
21                          1  0.0 100.0
23                          1  0.0 100.0

#data right_hand_run_data=>[qw(1 2 3 4 5 6 7 8 9 10 11 12 13 14 17 20 21 23)],
#data right_hand_run_frequency=>[0.647,0.226,0.084,0.028,0.009,0.003,0.001,0.000,0.000,0.000,0.000,0.000,0.000,0.000,0.000,0.000,0.000,0.000],
#data right_hand_run_cumulative=>[0.647,0.874,0.958,0.986,0.996,0.999,1.000,1.000,1.000,1.000,1.000,1.000,1.000,1.000,1.000,1.000,1.000,1.000],

keyboard hand run length
------------------------------------------------------------
1                     3423966 57.8  57.8
2                     1633464 27.6  85.4
3                      638492 10.8  96.2
4                      173023  2.9  99.1
5                       38714  0.7  99.8
6                       10407  0.2  99.9
7                        2946  0.0 100.0
8                         837  0.0 100.0
9                         277  0.0 100.0
10                         88  0.0 100.0
11                         22  0.0 100.0
12                          9  0.0 100.0
13                          6  0.0 100.0
14                          1  0.0 100.0
16                          2  0.0 100.0
17                          3  0.0 100.0
18                          1  0.0 100.0
20                          1  0.0 100.0
21                          2  0.0 100.0
23                          1  0.0 100.0

#data all_hand_run_data=>[qw(1 2 3 4 5 6 7 8 9 10 11 12 13 14 16 17 18 20 21 23)],
#data all_hand_run_frequency=>[0.578,0.276,0.108,0.029,0.007,0.002,0.000,0.000,0.000,0.000,0.000,0.000,0.000,0.000,0.000,0.000,0.000,0.000,0.000,0.000],
#data all_hand_run_cumulative=>[0.578,0.854,0.962,0.991,0.998,0.999,1.000,1.000,1.000,1.000,1.000,1.000,1.000,1.000,1.000,1.000,1.000,1.000,1.000,1.000],

keyboard top row run length
------------------------------------------------------------
1                     1231243 80.2  80.2
2                      252241 16.4  96.7
3                       42711  2.8  99.5
4                        6946  0.5  99.9
5                        1228  0.1 100.0
6                         173  0.0 100.0
7                          25  0.0 100.0
8                           7  0.0 100.0
9                           6  0.0 100.0
10                          2  0.0 100.0
11                          6  0.0 100.0
12                          1  0.0 100.0

#data t_row_run_data=>[qw(1 2 3 4 5 6 7 8 9 10 11 12)],
#data t_row_run_frequency=>[0.802,0.164,0.028,0.005,0.001,0.000,0.000,0.000,0.000,0.000,0.000,0.000],
#data t_row_run_cumulative=>[0.802,0.967,0.995,0.999,1.000,1.000,1.000,1.000,1.000,1.000,1.000,1.000],

keyboard home row run length
------------------------------------------------------------
1                      804960 34.7  34.7
2                      554202 23.9  58.6
3                      343262 14.8  73.4
4                      218649  9.4  82.8
5                      150104  6.5  89.3
6                       92477  4.0  93.3
7                       57787  2.5  95.8
8                       37154  1.6  97.4
9                       22843  1.0  98.4
10                      14313  0.6  99.0
11                       8841  0.4  99.4
12                       5320  0.2  99.6
13                       3478  0.1  99.8
14                       2055  0.1  99.8
15                       1272  0.1  99.9
16                        847  0.0  99.9
17                        498  0.0 100.0
18                        330  0.0 100.0
19                        200  0.0 100.0
20                        124  0.0 100.0
21                         76  0.0 100.0
22                         49  0.0 100.0
23                         40  0.0 100.0
24                         18  0.0 100.0
25                         17  0.0 100.0
26                          8  0.0 100.0
27                          4  0.0 100.0
28                          6  0.0 100.0
30                          1  0.0 100.0
31                          3  0.0 100.0
33                          1  0.0 100.0

#data h_row_run_data=>[qw(1 2 3 4 5 6 7 8 9 10 11 12 13 14 15 16 17 18 19 20 21 22 23 24 25 26 27 28 30 31 33)],
#data h_row_run_frequency=>[0.347,0.239,0.148,0.094,0.065,0.040,0.025,0.016,0.010,0.006,0.004,0.002,0.001,0.001,0.001,0.000,0.000,0.000,0.000,0.000,0.000,0.000,0.000,0.000,0.000,0.000,0.000,0.000,0.000,0.000,0.000],
#data h_row_run_cumulative=>[0.347,0.586,0.734,0.828,0.893,0.933,0.958,0.974,0.984,0.990,0.994,0.996,0.998,0.998,0.999,0.999,1.000,1.000,1.000,1.000,1.000,1.000,1.000,1.000,1.000,1.000,1.000,1.000,1.000,1.000,1.000],

keyboard bottom row run length
------------------------------------------------------------
1                     1053151 92.9  92.9
2                       75572  6.7  99.6
3                        4958  0.4 100.0
4                          85  0.0 100.0
5                           1  0.0 100.0
6                           1  0.0 100.0

#data b_row_run_data=>[qw(1 2 3 4 5 6)],
#data b_row_run_frequency=>[0.929,0.067,0.004,0.000,0.000,0.000],
#data b_row_run_cumulative=>[0.929,0.996,1.000,1.000,1.000,1.000],

keyboard row run length
------------------------------------------------------------
1                     3089354 61.9  61.9
2                      882015 17.7  79.6
3                      390931  7.8  87.5
4                      225680  4.5  92.0
5                      151333  3.0  95.0
6                       92651  1.9  96.9
7                       57812  1.2  98.0
8                       37161  0.7  98.8
9                       22849  0.5  99.2
10                      14315  0.3  99.5
11                       8847  0.2  99.7
12                       5321  0.1  99.8
13                       3478  0.1  99.9
14                       2055  0.0  99.9
15                       1272  0.0 100.0
16                        847  0.0 100.0
17                        498  0.0 100.0
18                        330  0.0 100.0
19                        200  0.0 100.0
20                        124  0.0 100.0
21                         76  0.0 100.0
22                         49  0.0 100.0
23                         40  0.0 100.0
24                         18  0.0 100.0
25                         17  0.0 100.0
26                          8  0.0 100.0
27                          4  0.0 100.0
28                          6  0.0 100.0
30                          1  0.0 100.0
31                          3  0.0 100.0
33                          1  0.0 100.0

#data all_row_run_data=>[qw(1 2 3 4 5 6 7 8 9 10 11 12 13 14 15 16 17 18 19 20 21 22 23 24 25 26 27 28 30 31 33)],
#data all_row_run_frequency=>[0.619,0.177,0.078,0.045,0.030,0.019,0.012,0.007,0.005,0.003,0.002,0.001,0.001,0.000,0.000,0.000,0.000,0.000,0.000,0.000,0.000,0.000,0.000,0.000,0.000,0.000,0.000,0.000,0.000,0.000,0.000],
#data all_row_run_cumulative=>[0.619,0.796,0.875,0.920,0.950,0.969,0.980,0.988,0.992,0.995,0.997,0.998,0.999,0.999,1.000,1.000,1.000,1.000,1.000,1.000,1.000,1.000,1.000,1.000,1.000,1.000,1.000,1.000,1.000,1.000,1.000],

keyboard finger run length
------------------------------------------------------------
1                     7696359 89.6  89.6
2                      804631  9.4  99.0
3                       81656  1.0  99.9
4                        7337  0.1 100.0
5                         944  0.0 100.0
6                         130  0.0 100.0
7                          11  0.0 100.0
8                           9  0.0 100.0
9                           9  0.0 100.0
10                          1  0.0 100.0
11                          3  0.0 100.0
12                          1  0.0 100.0
15                          1  0.0 100.0
17                          1  0.0 100.0
19                          1  0.0 100.0
20                          1  0.0 100.0

#data finger_run_data=>[qw(1 2 3 4 5 6 7 8 9 10 11 12 15 17 19 20)],
#data finger_run_frequency=>[0.896,0.094,0.010,0.001,0.000,0.000,0.000,0.000,0.000,0.000,0.000,0.000,0.000,0.000,0.000,0.000],
#data finger_run_cumulative=>[0.896,0.990,0.999,1.000,1.000,1.000,1.000,1.000,1.000,1.000,1.000,1.000,1.000,1.000,1.000,1.000],

keyboard same-hand row jump length
------------------------------------------------------------
1                     5615104 76.8  76.8
2                     1154271 15.8  92.6
3                      408033  5.6  98.1
4                      105002  1.4  99.6
5                       24519  0.3  99.9
6                        4889  0.1 100.0
7                        1454  0.0 100.0
8                         191  0.0 100.0
9                          60  0.0 100.0
10                         25  0.0 100.0
11                          4  0.0 100.0
14                          1  0.0 100.0
17                          1  0.0 100.0
19                          1  0.0 100.0
25                          1  0.0 100.0

#data row_jump_data=>[qw(1 2 3 4 5 6 7 8 9 10 11 14 17 19 25)],
#data row_jump_frequency=>[0.768,0.158,0.056,0.014,0.003,0.001,0.000,0.000,0.000,0.000,0.000,0.000,0.000,0.000,0.000],
#data row_jump_cumulative=>[0.768,0.926,0.981,0.996,0.999,1.000,1.000,1.000,1.000,1.000,1.000,1.000,1.000,1.000,1.000],

corpus character frequency
------------------------------------------------------------
e                     1189270 12.4  12.4
t                      857621  8.9  21.4
a                      772047  8.1  29.4
o                      743158  7.8  37.2
i                      664716  6.9  44.1
n                      659446  6.9  51.0
h                      601534  6.3  57.2
s                      600522  6.3  63.5
r                      551354  5.8  69.3
d                      428936  4.5  73.7
l                      395151  4.1  77.9
u                      278222  2.9  80.8
m                      257890  2.7  83.5
w                      230357  2.4  85.9
c                      228885  2.4  88.2
f                      208786  2.2  90.4
y                      202083  2.1  92.5
g                      192882  2.0  94.5
p                      158583  1.7  96.2
b                      149480  1.6  97.8
v                       91308  1.0  98.7
k                       78419  0.8  99.5
j                       14421  0.2  99.7
x                       14308  0.1  99.8
q                       10285  0.1  99.9
z                        6129  0.1 100.0

#data character_frequency_data=>[qw(e t a o i n h s r d l u m w c f y g p b v k j x q z)],
#data character_frequency_frequency=>[0.124,0.089,0.081,0.078,0.069,0.069,0.063,0.063,0.058,0.045,0.041,0.029,0.027,0.024,0.024,0.022,0.021,0.020,0.017,0.016,0.010,0.008,0.002,0.001,0.001,0.001],
#data character_frequency_cumulative=>[0.124,0.214,0.294,0.372,0.441,0.510,0.572,0.635,0.693,0.737,0.779,0.808,0.835,0.859,0.882,0.904,0.925,0.945,0.962,0.978,0.987,0.995,0.997,0.998,0.999,1.000],

corpus character pair frequency
------------------------------------------------------------
th                     289590  3.0   3.0
he                     265925  2.8   5.8
in                     173925  1.8   7.6
er                     168632  1.8   9.4
an                     160247  1.7  11.0
re                     129667  1.4  12.4
nd                     121836  1.3  13.7
ed                     117020  1.2  14.9
ha                     116037  1.2  16.1
ou                     113500  1.2  17.3
es                     111915  1.2  18.4
en                     106592  1.1  19.6
to                     106474  1.1  20.7
st                     103229  1.1  21.7
ea                     102003  1.1  22.8
at                     101756  1.1  23.9
on                     101715  1.1  24.9
nt                      98937  1.0  26.0
hi                      89336  0.9  26.9
is                      88582  0.9  27.8
it                      88467  0.9  28.7
ng                      87483  0.9  29.7
or                      84882  0.9  30.5
as                      84628  0.9  31.4
et                      80127  0.8  32.3
te                      78996  0.8  33.1
ti                      76861  0.8  33.9
ar                      76333  0.8  34.7
se                      72453  0.8  35.4
of                      69240  0.7  36.2
le                      67115  0.7  36.9
me                      66567  0.7  37.6
ve                      65908  0.7  38.2
sa                      62601  0.7  38.9
al                      61275  0.6  39.5
ne                      60864  0.6  40.2
ll                      60657  0.6  40.8
no                      60373  0.6  41.4
el                      58258  0.6  42.0
ro                      54011  0.6  42.6
ta                      53682  0.6  43.2
de                      53222  0.6  43.7
ot                      53061  0.6  44.3
sh                      52695  0.5  44.8
tt                      52123  0.5  45.4
so                      51647  0.5  45.9
ri                      51112  0.5  46.4
wa                      51071  0.5  47.0
si                      50875  0.5  47.5
om                      50260  0.5  48.0
ra                      50189  0.5  48.6
be                      49188  0.5  49.1
ho                      48786  0.5  49.6
li                      48013  0.5  50.1
di                      47473  0.5  50.6
wh                      47248  0.5  51.1
dt                      46167  0.5  51.5
ee                      46080  0.5  52.0
yo                      45974  0.5  52.5
ec                      45119  0.5  53.0
co                      44880  0.5  53.4
da                      44769  0.5  53.9
rt                      44368  0.5  54.4
em                      44101  0.5  54.8
ss                      43790  0.5  55.3
ma                      43712  0.5  55.7
ew                      43486  0.5  56.2
ow                      43100  0.4  56.6
ad                      42203  0.4  57.1
ut                      41141  0.4  57.5
ur                      41132  0.4  57.9
wi                      41011  0.4  58.4
ei                      40893  0.4  58.8
rs                      40314  0.4  59.2
ch                      39641  0.4  59.6
fo                      38954  0.4  60.0
ce                      38664  0.4  60.4
la                      38057  0.4  60.8
lo                      37937  0.4  61.2
do                      37831  0.4  61.6
ai                      37418  0.4  62.0
oo                      35872  0.4  62.4
il                      35698  0.4  62.8
na                      35264  0.4  63.1
us                      34873  0.4  63.5
ly                      34278  0.4  63.9
we                      34100  0.4  64.2
id                      33505  0.3  64.6
ic                      32492  0.3  64.9
gh                      32280  0.3  65.2
ni                      32166  0.3  65.6
ns                      32098  0.3  65.9
im                      31926  0.3  66.2
ts                      31787  0.3  66.6
un                      31520  0.3  66.9
mo                      29984  0.3  67.2
ld                      29970  0.3  67.5
pe                      29883  0.3  67.8
eh                      29706  0.3  68.2
eo                      29288  0.3  68.5
ul                      29141  0.3  68.8
ft                      28943  0.3  69.1
ac                      28659  0.3  69.4
ds                      28652  0.3  69.7
ep                      28315  0.3  70.0
ef                      28195  0.3  70.2
ca                      28183  0.3  70.5
os                      28044  0.3  70.8
ht                      27942  0.3  71.1
nc                      26934  0.3  71.4
ir                      26871  0.3  71.7
ke                      26781  0.3  72.0
tw                      26120  0.3  72.2
am                      25838  0.3  72.5
io                      25692  0.3  72.8
ge                      25347  0.3  73.0
mi                      25306  0.3  73.3
tr                      25004  0.3  73.6
ay                      24738  0.3  73.8
ol                      24559  0.3  74.1
ey                      23958  0.2  74.3
av                      23764  0.2  74.6
ev                      23157  0.2  74.8
ie                      23156  0.2  75.1
dh                      22639  0.2  75.3
wo                      22511  0.2  75.5
fa                      22283  0.2  75.8
ga                      21846  0.2  76.0
pa                      21811  0.2  76.2
eb                      21807  0.2  76.4
po                      21263  0.2  76.7
rd                      21176  0.2  76.9
ig                      21014  0.2  77.1
fi                      20820  0.2  77.3
sw                      20506  0.2  77.5
ry                      20469  0.2  77.8
pr                      20395  0.2  78.0
su                      20390  0.2  78.2
go                      20173  0.2  78.4
bu                      19619  0.2  78.6
fe                      19208  0.2  78.8
sp                      19039  0.2  79.0
ys                      19028  0.2  79.2
ab                      18633  0.2  79.4
bl                      18140  0.2  79.6
yt                      18133  0.2  79.8
ap                      17574  0.2  80.0
my                      17574  0.2  80.1
tl                      17499  0.2  80.3
tu                      17331  0.2  80.5
od                      17323  0.2  80.7
bo                      17218  0.2  80.9
fr                      17212  0.2  81.0
dw                      17101  0.2  81.2
ag                      17056  0.2  81.4
ya                      16572  0.2  81.6
if                      16419  0.2  81.7
db                      16274  0.2  81.9
ty                      16096  0.2  82.1
ct                      15849  0.2  82.2
sc                      15583  0.2  82.4
ck                      15407  0.2  82.6
rn                      15300  0.2  82.7
rm                      15100  0.2  82.9
eg                      14865  0.2  83.0
ye                      14667  0.2  83.2
nh                      14561  0.2  83.3
gt                      14460  0.2  83.5
pl                      14455  0.2  83.6
rr                      14428  0.2  83.8
ug                      14365  0.1  83.9
ia                      14318  0.1  84.1
gi                      14299  0.1  84.2
op                      14254  0.1  84.4
dm                      14248  0.1  84.5
lt                      14228  0.1  84.7
uc                      14211  0.1  84.8
iv                      13792  0.1  85.0
vi                      13633  0.1  85.1
oa                      13534  0.1  85.3
sm                      13353  0.1  85.4
dr                      13130  0.1  85.5
up                      13089  0.1  85.7
gr                      12807  0.1  85.8
oi                      12771  0.1  85.9
ob                      12350  0.1  86.1
ki                      12261  0.1  86.2
dn                      12151  0.1  86.3
oc                      12123  0.1  86.5
ok                      12112  0.1  86.6
tm                      11765  0.1  86.7
ov                      11760  0.1  86.8
rh                      11713  0.1  86.9
oh                      11704  0.1  87.1
pi                      11675  0.1  87.2
mp                      11588  0.1  87.3
yi                      11584  0.1  87.4
ny                      11582  0.1  87.6
rc                      11580  0.1  87.7
ak                      11538  0.1  87.8
sb                      11487  0.1  87.9
by                      11375  0.1  88.0
aw                      11212  0.1  88.1
sl                      11137  0.1  88.3
dd                      11067  0.1  88.4
nw                      10996  0.1  88.5
ls                      10854  0.1  88.6
ff                      10792  0.1  88.7
rw                      10665  0.1  88.8
tb                      10634  0.1  88.9
df                      10470  0.1  89.1
yw                      10464  0.1  89.2
sf                      10440  0.1  89.3
dy                      10379  0.1  89.4
cr                      10347  0.1  89.5
ba                      10268  0.1  89.6
qu                      10260  0.1  89.7
ex                      10258  0.1  89.8
af                      10241  0.1  89.9
dl                      10140  0.1  90.0
pp                      10139  0.1  90.1
mu                      10041  0.1  90.2
lf                      10012  0.1  90.3
wn                       9923  0.1  90.4
tc                       9806  0.1  90.5
br                       9749  0.1  90.6
ci                       9599  0.1  90.7
sn                       9558  0.1  90.8
ru                       9508  0.1  90.9
rl                       9361  0.1  91.0
ms                       9199  0.1  91.1
nl                       9072  0.1  91.2
nn                       8836  0.1  91.3
um                       8834  0.1  91.4
kn                       8694  0.1  91.5
ua                       8694  0.1  91.6
ui                       8687  0.1  91.7
cl                       8623  0.1  91.8
yh                       8591  0.1  91.9
gs                       8580  0.1  92.0
mt                       8564  0.1  92.0
au                       8524  0.1  92.1
rf                       8477  0.1  92.2
gl                       8466  0.1  92.3
ue                       8448  0.1  92.4
rb                       8345  0.1  92.5
nf                       8176  0.1  92.6
fu                       8051  0.1  92.7
cu                       8041  0.1  92.7
tf                       8041  0.1  92.8
du                       8004  0.1  92.9
pt                       7820  0.1  93.0
fh                       7560  0.1  93.1
nm                       7393  0.1  93.1
nk                       7361  0.1  93.2
yb                       7301  0.1  93.3
hu                       7295  0.1  93.4
dc                       7274  0.1  93.4
lu                       7253  0.1  93.5
ik                       7241  0.1  93.6
rp                       7056  0.1  93.7
hr                       6984  0.1  93.7
mb                       6972  0.1  93.8
iw                       6872  0.1  93.9
ym                       6867  0.1  94.0
fl                       6845  0.1  94.0
td                       6820  0.1  94.1
rg                       6788  0.1  94.2
va                       6773  0.1  94.2
ih                       6648  0.1  94.3
sd                       6614  0.1  94.4
oy                       6604  0.1  94.5
ud                       6599  0.1  94.5
nb                       6597  0.1  94.6
yf                       6104  0.1  94.7
tn                       6103  0.1  94.7
gu                       6074  0.1  94.8
dg                       6070  0.1  94.8
hh                       6062  0.1  94.9
ip                       6031  0.1  95.0
mm                       6009  0.1  95.0
pu                       5996  0.1  95.1
ib                       5990  0.1  95.2
yd                       5975  0.1  95.2
og                       5928  0.1  95.3
oe                       5889  0.1  95.3
yc                       5883  0.1  95.4
mr                       5881  0.1  95.5
dp                       5849  0.1  95.5
rk                       5789  0.1  95.6
lm                       5430  0.1  95.6
ub                       5399  0.1  95.7
sk                       5369  0.1  95.8
bi                       5351  0.1  95.8
eu                       5321  0.1  95.9
nu                       5291  0.1  95.9
ks                       5261  0.1  96.0
sy                       5172  0.1  96.0
ps                       5138  0.1  96.1
tp                       5110  0.1  96.1
lw                       5081  0.1  96.2
hs                       5061  0.1  96.2
hy                       5019  0.1  96.3
sr                       4863  0.1  96.3
lb                       4858  0.1  96.4
fm                       4837  0.1  96.5
fs                       4707  0.0  96.5
ah                       4661  0.0  96.5
yp                       4657  0.0  96.6
yl                       4639  0.0  96.6
ka                       4604  0.0  96.7
cc                       4561  0.0  96.7
sg                       4539  0.0  96.8
hw                       4509  0.0  96.8
jo                       4389  0.0  96.9
rv                       4326  0.0  96.9
ws                       4272  0.0  97.0
hm                       4260  0.0  97.0
ph                       4240  0.0  97.1
gw                       4214  0.0  97.1
ek                       4212  0.0  97.1
gn                       4021  0.0  97.2
ju                       4000  0.0  97.2
wt                       3991  0.0  97.3
vo                       3876  0.0  97.3
kt                       3831  0.0  97.4
yr                       3830  0.0  97.4
gm                       3665  0.0  97.4
lh                       3604  0.0  97.5
gg                       3552  0.0  97.5
np                       3533  0.0  97.5
mw                       3503  0.0  97.6
eq                       3500  0.0  97.6
tg                       3461  0.0  97.7
mh                       3360  0.0  97.7
lk                       3353  0.0  97.7
ko                       3270  0.0  97.8
yn                       3257  0.0  97.8
fw                       3250  0.0  97.8
nv                       3245  0.0  97.9
uw                       3216  0.0  97.9
xp                       3181  0.0  97.9
nr                       3158  0.0  98.0
fy                       3146  0.0  98.0
lp                       3106  0.0  98.0
je                       3050  0.0  98.1
gb                       3018  0.0  98.1
lc                       2842  0.0  98.1
dv                       2736  0.0  98.1
wr                       2726  0.0  98.2
gf                       2725  0.0  98.2
xt                       2707  0.0  98.2
yg                       2693  0.0  98.3
bs                       2692  0.0  98.3
fc                       2671  0.0  98.3
hb                       2489  0.0  98.3
xc                       2413  0.0  98.4
cy                       2387  0.0  98.4
iz                       2365  0.0  98.4
uh                       2361  0.0  98.4
lr                       2335  0.0  98.5
ww                       2318  0.0  98.5
ze                       2306  0.0  98.5
fb                       2273  0.0  98.5
ja                       2235  0.0  98.6
lv                       2191  0.0  98.6
ln                       2169  0.0  98.6
uf                       2123  0.0  98.6
wl                       2105  0.0  98.6
ej                       2103  0.0  98.7
mn                       2083  0.0  98.7
kh                       2040  0.0  98.7
fp                       2039  0.0  98.7
sv                       2037  0.0  98.8
yy                       2024  0.0  98.8
mf                       2009  0.0  98.8
hf                       1986  0.0  98.8
bb                       1955  0.0  98.8
hn                       1898  0.0  98.9
kw                       1895  0.0  98.9
hc                       1767  0.0  98.9
gc                       1765  0.0  98.9
hl                       1729  0.0  98.9
kl                       1725  0.0  99.0
fd                       1685  0.0  99.0
ky                       1670  0.0  99.0
sj                       1657  0.0  99.0
gd                       1648  0.0  99.0
wm                       1644  0.0  99.0
bt                       1624  0.0  99.1
dj                       1617  0.0  99.1
xi                       1605  0.0  99.1
tk                       1586  0.0  99.1
md                       1571  0.0  99.1
py                       1512  0.0  99.1
gy                       1504  0.0  99.2
gp                       1461  0.0  99.2
hd                       1431  0.0  99.2
lg                       1416  0.0  99.2
ix                       1412  0.0  99.2
uk                       1379  0.0  99.2
hp                       1375  0.0  99.2
nj                       1359  0.0  99.3
sq                       1350  0.0  99.3
ml                       1315  0.0  99.3
xe                       1295  0.0  99.3
kf                       1278  0.0  99.3
wd                       1261  0.0  99.3
uo                       1244  0.0  99.3
mc                       1238  0.0  99.3
yu                       1223  0.0  99.4
fg                       1209  0.0  99.4
xa                       1207  0.0  99.4
nq                       1192  0.0  99.4
aa                       1181  0.0  99.4
za                       1151  0.0  99.4
wb                       1149  0.0  99.4
wy                       1140  0.0  99.4
az                       1130  0.0  99.5
km                       1129  0.0  99.5
oj                       1123  0.0  99.5
dk                       1123  0.0  99.5
wf                       1122  0.0  99.5
pw                       1096  0.0  99.5
rj                       1092  0.0  99.5
tv                       1081  0.0  99.5
bj                       1047  0.0  99.6
fn                       1022  0.0  99.6
kb                       1015  0.0  99.6
tj                        971  0.0  99.6
wc                        932  0.0  99.6
iu                        905  0.0  99.6
ax                        880  0.0  99.6
ao                        861  0.0  99.6
cs                        857  0.0  99.6
yk                        856  0.0  99.6
hg                        820  0.0  99.6
ii                        817  0.0  99.7
ox                        796  0.0  99.7
yv                        783  0.0  99.7
nz                        725  0.0  99.7
pb                        701  0.0  99.7
aj                        699  0.0  99.7
mg                        689  0.0  99.7
pm                        680  0.0  99.7
yj                        668  0.0  99.7
cq                        610  0.0  99.7
pf                        597  0.0  99.7
ji                        593  0.0  99.7
kc                        569  0.0  99.7
ku                        560  0.0  99.7
zi                        557  0.0  99.8
vy                        530  0.0  99.8
dq                        523  0.0  99.8
fv                        512  0.0  99.8
aq                        507  0.0  99.8
uy                        501  0.0  99.8
ae                        491  0.0  99.8
wp                        490  0.0  99.8
zz                        480  0.0  99.8
tq                        457  0.0  99.8
kp                        449  0.0  99.8
kd                        437  0.0  99.8
gv                        421  0.0  99.8
fj                        419  0.0  99.8
nx                        413  0.0  99.8
zo                        394  0.0  99.8
rq                        378  0.0  99.8
oq                        376  0.0  99.8
wu                        371  0.0  99.8
ez                        359  0.0  99.8
kr                        355  0.0  99.8
wg                        341  0.0  99.8
xh                        325  0.0  99.9
pc                        313  0.0  99.9
uv                        308  0.0  99.9
iq                        305  0.0  99.9
hv                        301  0.0  99.9
uz                        301  0.0  99.9
oz                        278  0.0  99.9
gj                        273  0.0  99.9
kg                        272  0.0  99.9
uu                        262  0.0  99.9
hj                        260  0.0  99.9
zl                        257  0.0  99.9
mv                        255  0.0  99.9
lj                        254  0.0  99.9
pd                        254  0.0  99.9
xo                        253  0.0  99.9
yq                        247  0.0  99.9
cd                        244  0.0  99.9
fk                        235  0.0  99.9
zy                        233  0.0  99.9
wv                        229  0.0  99.9
cw                        224  0.0  99.9
vr                        221  0.0  99.9
pn                        219  0.0  99.9
bm                        217  0.0  99.9
bh                        209  0.0  99.9
bw                        209  0.0  99.9
wk                        204  0.0  99.9
mj                        201  0.0  99.9
ux                        195  0.0  99.9
vu                        190  0.0  99.9
tz                        183  0.0  99.9
ij                        177  0.0  99.9
cp                        172  0.0  99.9
xw                        167  0.0  99.9
bd                        165  0.0  99.9
pg                        163  0.0  99.9
hk                        159  0.0  99.9
xu                        155  0.0  99.9
gk                        153  0.0  99.9
mk                        143  0.0  99.9
xm                        138  0.0  99.9
uj                        134  0.0  99.9
cb                        132  0.0  99.9
zw                        129  0.0 100.0
wj                        126  0.0 100.0
cm                        126  0.0 100.0
cf                        124  0.0 100.0
lq                        121  0.0 100.0
xx                        119  0.0 100.0
mq                        115  0.0 100.0
zt                        115  0.0 100.0
xs                        114  0.0 100.0
gq                        112  0.0 100.0
bc                        109  0.0 100.0
xf                        106  0.0 100.0
rx                        103  0.0 100.0
kv                        102  0.0 100.0
fq                        101  0.0 100.0
bv                         98  0.0 100.0
iy                         96  0.0 100.0
xy                         94  0.0 100.0
kk                         92  0.0 100.0
xv                         92  0.0 100.0
hq                         88  0.0 100.0
pk                         87  0.0 100.0
bn                         86  0.0 100.0
xq                         84  0.0 100.0
kj                         76  0.0 100.0
zh                         73  0.0 100.0
jj                         73  0.0 100.0
bf                         72  0.0 100.0
sx                         71  0.0 100.0
cn                         70  0.0 100.0
sz                         67  0.0 100.0
uq                         65  0.0 100.0
pj                         64  0.0 100.0
zd                         61  0.0 100.0
xd                         61  0.0 100.0
xb                         60  0.0 100.0
wq                         60  0.0 100.0
zs                         60  0.0 100.0
cg                         59  0.0 100.0
zu                         57  0.0 100.0
yz                         56  0.0 100.0
kq                         52  0.0 100.0
xl                         44  0.0 100.0
zg                         42  0.0 100.0
bp                         42  0.0 100.0
pv                         41  0.0 100.0
xr                         40  0.0 100.0
tx                         40  0.0 100.0
rz                         39  0.0 100.0
cz                         37  0.0 100.0
pq                         36  0.0 100.0
zr                         33  0.0 100.0
cv                         33  0.0 100.0
zm                         33  0.0 100.0
zb                         31  0.0 100.0
vm                         30  0.0 100.0
bg                         30  0.0 100.0
vt                         28  0.0 100.0
vv                         26  0.0 100.0
zc                         26  0.0 100.0
zf                         25  0.0 100.0
zp                         23  0.0 100.0
dz                         22  0.0 100.0
xn                         21  0.0 100.0
vn                         20  0.0 100.0
xg                         19  0.0 100.0
gz                         18  0.0 100.0
zv                         18  0.0 100.0
lz                         17  0.0 100.0
hz                         14  0.0 100.0
vh                         14  0.0 100.0
zn                         14  0.0 100.0
cj                         13  0.0 100.0
wz                         12  0.0 100.0
vs                         12  0.0 100.0
bk                         11  0.0 100.0
jc                         11  0.0 100.0
jw                         11  0.0 100.0
vw                         11  0.0 100.0
mz                         10  0.0 100.0
fz                          9  0.0 100.0
vf                          8  0.0 100.0
yx                          7  0.0 100.0
qh                          6  0.0 100.0
jp                          6  0.0 100.0
vb                          6  0.0 100.0
jt                          6  0.0 100.0
jg                          6  0.0 100.0
jd                          6  0.0 100.0
vl                          6  0.0 100.0
jm                          5  0.0 100.0
jl                          5  0.0 100.0
zj                          5  0.0 100.0
vp                          5  0.0 100.0
dx                          5  0.0 100.0
vj                          5  0.0 100.0
pz                          5  0.0 100.0
xj                          5  0.0 100.0
jr                          5  0.0 100.0
js                          4  0.0 100.0
jb                          4  0.0 100.0
qt                          4  0.0 100.0
jf                          4  0.0 100.0
xk                          3  0.0 100.0
zk                          3  0.0 100.0
zq                          3  0.0 100.0
jh                          3  0.0 100.0
fx                          3  0.0 100.0
qc                          3  0.0 100.0
bq                          3  0.0 100.0
qo                          3  0.0 100.0
bx                          2  0.0 100.0
vd                          2  0.0 100.0
jn                          2  0.0 100.0
cx                          2  0.0 100.0
qd                          2  0.0 100.0
qm                          2  0.0 100.0
vg                          2  0.0 100.0
jk                          2  0.0 100.0
qw                          2  0.0 100.0
hx                          1  0.0 100.0
kz                          1  0.0 100.0
qr                          1  0.0 100.0
qa                          1  0.0 100.0
vc                          1  0.0 100.0
qy                          1  0.0 100.0
mx                          1  0.0 100.0
bz                          1  0.0 100.0
vk                          1  0.0 100.0
jy                          1  0.0 100.0

#data character_pair_frequency_data=>[qw(th he in er an re nd ed ha ou es en to st ea at on nt hi is it ng or as et te ti ar se of le me ve sa al ne ll no el ro ta de ot sh tt so ri wa si om ra be ho li di wh dt ee yo ec co da rt em ss ma ew ow ad ut ur wi ei rs ch fo ce la lo do ai oo il na us ly we id ic gh ni ns im ts un mo ld pe eh eo ul ft ac ds ep ef ca os ht nc ir ke tw am io ge mi tr ay ol ey av ev ie dh wo fa ga pa eb po rd ig fi sw ry pr su go bu fe sp ys ab bl yt ap my tl tu od bo fr dw ag ya if db ty ct sc ck rn rm eg ye nh gt pl rr ug ia gi op dm lt uc iv vi oa sm dr up gr oi ob ki dn oc ok tm ov rh oh pi mp yi ny rc ak sb by aw sl dd nw ls ff rw tb df yw sf dy cr ba qu ex af dl pp mu lf wn tc br ci sn ru rl ms nl nn um kn ua ui cl yh gs mt au rf gl ue rb nf fu cu tf du pt fh nm nk yb hu dc lu ik rp hr mb iw ym fl td rg va ih sd oy ud nb yf tn gu dg hh ip mm pu ib yd og oe yc mr dp rk lm ub sk bi eu nu ks sy ps tp lw hs hy sr lb fm fs ah yp yl ka cc sg hw jo rv ws hm ph gw ek gn ju wt vo kt yr gm lh gg np mw eq tg mh lk ko yn fw nv uw xp nr fy lp je gb lc dv wr gf xt yg bs fc hb xc cy iz uh lr ww ze fb ja lv ln uf wl ej mn kh fp sv yy mf hf bb hn kw hc gc hl kl fd ky sj gd wm bt dj xi tk md py gy gp hd lg ix uk hp nj sq ml xe kf wd uo mc yu fg xa nq aa za wb wy az km oj dk wf pw rj tv bj fn kb tj wc iu ax ao cs yk hg ii ox yv nz pb aj mg pm yj cq pf ji kc ku zi vy dq fv aq uy ae wp zz tq kp kd gv fj nx zo rq oq wu ez kr wg xh pc uv iq hv uz oz gj kg uu hj zl mv lj pd xo yq cd fk zy wv cw vr pn bm bh bw wk mj ux vu tz ij cp xw bd pg hk xu gk mk xm uj cb zw wj cm cf lq xx mq zt xs gq bc xf rx kv fq bv iy xy kk xv hq pk bn xq kj zh jj bf sx cn sz uq pj zd xd xb wq zs cg zu yz kq xl zg bp pv xr tx rz cz pq zr cv zm zb vm bg vt vv zc zf zp dz xn vn xg gz zv lz hz vh zn cj wz vs bk jc jw vw mz fz vf yx qh jp vb jt jg jd vl jm jl zj vp dx vj pz xj jr js jb qt jf xk zk zq jh fx qc bq qo bx vd jn cx qd qm vg jk qw hx kz qr qa vc qy mx bz vk jy)],
#data character_pair_frequency_frequency=>[0.030,0.028,0.018,0.018,0.017,0.014,0.013,0.012,0.012,0.012,0.012,0.011,0.011,0.011,0.011,0.011,0.011,0.010,0.009,0.009,0.009,0.009,0.009,0.009,0.008,0.008,0.008,0.008,0.008,0.007,0.007,0.007,0.007,0.007,0.006,0.006,0.006,0.006,0.006,0.006,0.006,0.006,0.006,0.005,0.005,0.005,0.005,0.005,0.005,0.005,0.005,0.005,0.005,0.005,0.005,0.005,0.005,0.005,0.005,0.005,0.005,0.005,0.005,0.005,0.005,0.005,0.005,0.004,0.004,0.004,0.004,0.004,0.004,0.004,0.004,0.004,0.004,0.004,0.004,0.004,0.004,0.004,0.004,0.004,0.004,0.004,0.004,0.003,0.003,0.003,0.003,0.003,0.003,0.003,0.003,0.003,0.003,0.003,0.003,0.003,0.003,0.003,0.003,0.003,0.003,0.003,0.003,0.003,0.003,0.003,0.003,0.003,0.003,0.003,0.003,0.003,0.003,0.003,0.003,0.003,0.002,0.002,0.002,0.002,0.002,0.002,0.002,0.002,0.002,0.002,0.002,0.002,0.002,0.002,0.002,0.002,0.002,0.002,0.002,0.002,0.002,0.002,0.002,0.002,0.002,0.002,0.002,0.002,0.002,0.002,0.002,0.002,0.002,0.002,0.002,0.002,0.002,0.002,0.002,0.002,0.002,0.002,0.002,0.002,0.002,0.002,0.002,0.002,0.002,0.002,0.001,0.001,0.001,0.001,0.001,0.001,0.001,0.001,0.001,0.001,0.001,0.001,0.001,0.001,0.001,0.001,0.001,0.001,0.001,0.001,0.001,0.001,0.001,0.001,0.001,0.001,0.001,0.001,0.001,0.001,0.001,0.001,0.001,0.001,0.001,0.001,0.001,0.001,0.001,0.001,0.001,0.001,0.001,0.001,0.001,0.001,0.001,0.001,0.001,0.001,0.001,0.001,0.001,0.001,0.001,0.001,0.001,0.001,0.001,0.001,0.001,0.001,0.001,0.001,0.001,0.001,0.001,0.001,0.001,0.001,0.001,0.001,0.001,0.001,0.001,0.001,0.001,0.001,0.001,0.001,0.001,0.001,0.001,0.001,0.001,0.001,0.001,0.001,0.001,0.001,0.001,0.001,0.001,0.001,0.001,0.001,0.001,0.001,0.001,0.001,0.001,0.001,0.001,0.001,0.001,0.001,0.001,0.001,0.001,0.001,0.001,0.001,0.001,0.001,0.001,0.001,0.001,0.001,0.001,0.001,0.001,0.001,0.001,0.001,0.001,0.001,0.001,0.001,0.001,0.001,0.001,0.001,0.001,0.001,0.001,0.001,0.000,0.000,0.000,0.000,0.000,0.000,0.000,0.000,0.000,0.000,0.000,0.000,0.000,0.000,0.000,0.000,0.000,0.000,0.000,0.000,0.000,0.000,0.000,0.000,0.000,0.000,0.000,0.000,0.000,0.000,0.000,0.000,0.000,0.000,0.000,0.000,0.000,0.000,0.000,0.000,0.000,0.000,0.000,0.000,0.000,0.000,0.000,0.000,0.000,0.000,0.000,0.000,0.000,0.000,0.000,0.000,0.000,0.000,0.000,0.000,0.000,0.000,0.000,0.000,0.000,0.000,0.000,0.000,0.000,0.000,0.000,0.000,0.000,0.000,0.000,0.000,0.000,0.000,0.000,0.000,0.000,0.000,0.000,0.000,0.000,0.000,0.000,0.000,0.000,0.000,0.000,0.000,0.000,0.000,0.000,0.000,0.000,0.000,0.000,0.000,0.000,0.000,0.000,0.000,0.000,0.000,0.000,0.000,0.000,0.000,0.000,0.000,0.000,0.000,0.000,0.000,0.000,0.000,0.000,0.000,0.000,0.000,0.000,0.000,0.000,0.000,0.000,0.000,0.000,0.000,0.000,0.000,0.000,0.000,0.000,0.000,0.000,0.000,0.000,0.000,0.000,0.000,0.000,0.000,0.000,0.000,0.000,0.000,0.000,0.000,0.000,0.000,0.000,0.000,0.000,0.000,0.000,0.000,0.000,0.000,0.000,0.000,0.000,0.000,0.000,0.000,0.000,0.000,0.000,0.000,0.000,0.000,0.000,0.000,0.000,0.000,0.000,0.000,0.000,0.000,0.000,0.000,0.000,0.000,0.000,0.000,0.000,0.000,0.000,0.000,0.000,0.000,0.000,0.000,0.000,0.000,0.000,0.000,0.000,0.000,0.000,0.000,0.000,0.000,0.000,0.000,0.000,0.000,0.000,0.000,0.000,0.000,0.000,0.000,0.000,0.000,0.000,0.000,0.000,0.000,0.000,0.000,0.000,0.000,0.000,0.000,0.000,0.000,0.000,0.000,0.000,0.000,0.000,0.000,0.000,0.000,0.000,0.000,0.000,0.000,0.000,0.000,0.000,0.000,0.000,0.000,0.000,0.000,0.000,0.000,0.000,0.000,0.000,0.000,0.000,0.000,0.000,0.000,0.000,0.000,0.000,0.000,0.000,0.000,0.000,0.000,0.000,0.000,0.000,0.000,0.000,0.000,0.000,0.000,0.000,0.000,0.000,0.000,0.000,0.000,0.000,0.000,0.000,0.000,0.000,0.000,0.000,0.000,0.000,0.000,0.000,0.000,0.000,0.000,0.000,0.000,0.000,0.000,0.000,0.000,0.000,0.000,0.000,0.000,0.000,0.000,0.000,0.000,0.000,0.000,0.000,0.000,0.000,0.000,0.000,0.000,0.000,0.000,0.000,0.000,0.000,0.000,0.000,0.000,0.000,0.000,0.000,0.000,0.000,0.000,0.000,0.000,0.000,0.000,0.000,0.000,0.000,0.000,0.000,0.000,0.000],
#data character_pair_frequency_cumulative=>[0.030,0.058,0.076,0.094,0.110,0.124,0.137,0.149,0.161,0.173,0.184,0.196,0.207,0.217,0.228,0.239,0.249,0.260,0.269,0.278,0.287,0.297,0.305,0.314,0.323,0.331,0.339,0.347,0.354,0.362,0.369,0.376,0.382,0.389,0.395,0.402,0.408,0.414,0.420,0.426,0.432,0.437,0.443,0.448,0.454,0.459,0.464,0.470,0.475,0.480,0.486,0.491,0.496,0.501,0.506,0.511,0.515,0.520,0.525,0.530,0.534,0.539,0.544,0.548,0.553,0.557,0.562,0.566,0.571,0.575,0.579,0.584,0.588,0.592,0.596,0.600,0.604,0.608,0.612,0.616,0.620,0.624,0.628,0.631,0.635,0.639,0.642,0.646,0.649,0.652,0.656,0.659,0.662,0.666,0.669,0.672,0.675,0.678,0.682,0.685,0.688,0.691,0.694,0.697,0.700,0.702,0.705,0.708,0.711,0.714,0.717,0.720,0.722,0.725,0.728,0.730,0.733,0.736,0.738,0.741,0.743,0.746,0.748,0.751,0.753,0.755,0.758,0.760,0.762,0.764,0.767,0.769,0.771,0.773,0.775,0.778,0.780,0.782,0.784,0.786,0.788,0.790,0.792,0.794,0.796,0.798,0.800,0.801,0.803,0.805,0.807,0.809,0.810,0.812,0.814,0.816,0.817,0.819,0.821,0.822,0.824,0.826,0.827,0.829,0.830,0.832,0.833,0.835,0.836,0.838,0.839,0.841,0.842,0.844,0.845,0.847,0.848,0.850,0.851,0.853,0.854,0.855,0.857,0.858,0.859,0.861,0.862,0.863,0.865,0.866,0.867,0.868,0.869,0.871,0.872,0.873,0.874,0.876,0.877,0.878,0.879,0.880,0.881,0.883,0.884,0.885,0.886,0.887,0.888,0.889,0.891,0.892,0.893,0.894,0.895,0.896,0.897,0.898,0.899,0.900,0.901,0.902,0.903,0.904,0.905,0.906,0.907,0.908,0.909,0.910,0.911,0.912,0.913,0.914,0.915,0.916,0.917,0.918,0.919,0.920,0.920,0.921,0.922,0.923,0.924,0.925,0.926,0.927,0.927,0.928,0.929,0.930,0.931,0.931,0.932,0.933,0.934,0.934,0.935,0.936,0.937,0.937,0.938,0.939,0.940,0.940,0.941,0.942,0.942,0.943,0.944,0.945,0.945,0.946,0.947,0.947,0.948,0.948,0.949,0.950,0.950,0.951,0.952,0.952,0.953,0.953,0.954,0.955,0.955,0.956,0.956,0.957,0.958,0.958,0.959,0.959,0.960,0.960,0.961,0.961,0.962,0.962,0.963,0.963,0.964,0.965,0.965,0.965,0.966,0.966,0.967,0.967,0.968,0.968,0.969,0.969,0.970,0.970,0.971,0.971,0.971,0.972,0.972,0.973,0.973,0.974,0.974,0.974,0.975,0.975,0.975,0.976,0.976,0.977,0.977,0.977,0.978,0.978,0.978,0.979,0.979,0.979,0.980,0.980,0.980,0.981,0.981,0.981,0.981,0.982,0.982,0.982,0.983,0.983,0.983,0.983,0.984,0.984,0.984,0.984,0.985,0.985,0.985,0.985,0.986,0.986,0.986,0.986,0.986,0.987,0.987,0.987,0.987,0.988,0.988,0.988,0.988,0.988,0.989,0.989,0.989,0.989,0.989,0.990,0.990,0.990,0.990,0.990,0.990,0.991,0.991,0.991,0.991,0.991,0.991,0.992,0.992,0.992,0.992,0.992,0.992,0.992,0.993,0.993,0.993,0.993,0.993,0.993,0.993,0.993,0.994,0.994,0.994,0.994,0.994,0.994,0.994,0.994,0.995,0.995,0.995,0.995,0.995,0.995,0.995,0.995,0.996,0.996,0.996,0.996,0.996,0.996,0.996,0.996,0.996,0.996,0.996,0.997,0.997,0.997,0.997,0.997,0.997,0.997,0.997,0.997,0.997,0.997,0.997,0.997,0.997,0.998,0.998,0.998,0.998,0.998,0.998,0.998,0.998,0.998,0.998,0.998,0.998,0.998,0.998,0.998,0.998,0.998,0.998,0.998,0.998,0.998,0.998,0.999,0.999,0.999,0.999,0.999,0.999,0.999,0.999,0.999,0.999,0.999,0.999,0.999,0.999,0.999,0.999,0.999,0.999,0.999,0.999,0.999,0.999,0.999,0.999,0.999,0.999,0.999,0.999,0.999,0.999,0.999,0.999,0.999,0.999,0.999,0.999,0.999,0.999,0.999,0.999,0.999,0.999,0.999,0.999,1.000,1.000,1.000,1.000,1.000,1.000,1.000,1.000,1.000,1.000,1.000,1.000,1.000,1.000,1.000,1.000,1.000,1.000,1.000,1.000,1.000,1.000,1.000,1.000,1.000,1.000,1.000,1.000,1.000,1.000,1.000,1.000,1.000,1.000,1.000,1.000,1.000,1.000,1.000,1.000,1.000,1.000,1.000,1.000,1.000,1.000,1.000,1.000,1.000,1.000,1.000,1.000,1.000,1.000,1.000,1.000,1.000,1.000,1.000,1.000,1.000,1.000,1.000,1.000,1.000,1.000,1.000,1.000,1.000,1.000,1.000,1.000,1.000,1.000,1.000,1.000,1.000,1.000,1.000,1.000,1.000,1.000,1.000,1.000,1.000,1.000,1.000,1.000,1.000,1.000,1.000,1.000,1.000,1.000,1.000,1.000,1.000,1.000,1.000,1.000,1.000,1.000,1.000,1.000,1.000,1.000,1.000,1.000,1.000,1.000,1.000,1.000,1.000,1.000,1.000,1.000,1.000,1.000,1.000,1.000,1.000,1.000,1.000,1.000,1.000,1.000,1.000,1.000,1.000,1.000],

