Keyboard effort
------------------------------------------------------------
k1                      1.000  69.7  69.7
k1,k2                   1.351  24.5  94.2
k1,k2,k3                1.434   5.8 100.0
b                       0.325  14.6  14.6
p                       1.109  49.7 129.4
ph                      0.000   0.0   0.0
pr                      0.232  20.9  20.9
pf                      0.680  61.3  82.3
s                       0.796  35.7 100.0
all                     2.230 100.0 100.0

#data effort_k1=>[1.000,69.705,69.705],
#data effort_k12=>[1.351,24.543,94.247],
#data effort_k123=>[1.434,5.753,100.000],
#data effort_base=>[0.325,14.597,14.597],
#data effort_penalty=>[1.109,49.718,129.359],
#data effort_penalty_hand=>[0.000,0.000,0.000],
#data effort_penalty_row=>[0.232,20.920,20.920],
#data effort_penalty_finger=>[0.680,61.345,82.265],
#data effort_path=>[0.796,35.685,100.000],
#data effort_all=>[2.230,100.000,100.000],

keyboard row frequency
------------------------------------------------------------
1                     1485578 16.2  16.2
2                     6084323 66.5  82.7
3                     1581264 17.3 100.0

#data row_data=>[qw(1 2 3)],
#data row_frequency=>[0.162,0.665,0.173],
#data row_cumulative=>[0.162,0.827,1.000],

keyboard hand frequency
------------------------------------------------------------
0                     4521040 49.4  49.4
1                     4630125 50.6 100.0

#data hand_data=>[qw(0 1)],
#data hand_frequency=>[0.494,0.506],
#data hand_cumulative=>[0.494,1.000],

keyboard finger frequency
------------------------------------------------------------
0                      764404  8.4   8.4
1                     1124835 12.3  20.6
2                     1115573 12.2  32.8
3                     1516228 16.6  49.4
6                     1260923 13.8  63.2
7                     1098623 12.0  75.2
8                     1470106 16.1  91.3
9                      800473  8.7 100.0

#data finger_data=>[qw(0 1 2 3 6 7 8 9)],
#data finger_frequency=>[0.084,0.123,0.122,0.166,0.138,0.120,0.161,0.087],
#data finger_cumulative=>[0.084,0.206,0.328,0.494,0.632,0.752,0.913,1.000],

keyboard left hand run length
------------------------------------------------------------
1                     1134493 47.1  47.1
2                      711782 29.5  76.6
3                      293845 12.2  88.8
4                      148472  6.2  95.0
5                       64077  2.7  97.7
6                       30856  1.3  98.9
7                       13828  0.6  99.5
8                        6434  0.3  99.8
9                        2861  0.1  99.9
10                       1267  0.1 100.0
11                        591  0.0 100.0
12                        255  0.0 100.0
13                         98  0.0 100.0
14                         55  0.0 100.0
15                         20  0.0 100.0
16                         15  0.0 100.0
17                          3  0.0 100.0
18                          5  0.0 100.0
19                          1  0.0 100.0
20                          1  0.0 100.0
21                          1  0.0 100.0
23                          1  0.0 100.0

#data left_hand_run_data=>[qw(1 2 3 4 5 6 7 8 9 10 11 12 13 14 15 16 17 18 19 20 21 23)],
#data left_hand_run_frequency=>[0.471,0.295,0.122,0.062,0.027,0.013,0.006,0.003,0.001,0.001,0.000,0.000,0.000,0.000,0.000,0.000,0.000,0.000,0.000,0.000,0.000,0.000],
#data left_hand_run_cumulative=>[0.471,0.766,0.888,0.950,0.977,0.989,0.995,0.998,0.999,1.000,1.000,1.000,1.000,1.000,1.000,1.000,1.000,1.000,1.000,1.000,1.000,1.000],

keyboard right hand run length
------------------------------------------------------------
1                     1120502 46.5  46.5
2                      674255 28.0  74.5
3                      327027 13.6  88.1
4                      155793  6.5  94.5
5                       68912  2.9  97.4
6                       32997  1.4  98.8
7                       15765  0.7  99.4
8                        7378  0.3  99.7
9                        3419  0.1  99.9
10                       1523  0.1  99.9
11                        761  0.0 100.0
12                        329  0.0 100.0
13                        147  0.0 100.0
14                         66  0.0 100.0
15                         46  0.0 100.0
16                         16  0.0 100.0
17                         10  0.0 100.0
18                          3  0.0 100.0
19                          3  0.0 100.0
20                          5  0.0 100.0
21                          2  0.0 100.0
26                          1  0.0 100.0

#data right_hand_run_data=>[qw(1 2 3 4 5 6 7 8 9 10 11 12 13 14 15 16 17 18 19 20 21 26)],
#data right_hand_run_frequency=>[0.465,0.280,0.136,0.065,0.029,0.014,0.007,0.003,0.001,0.001,0.000,0.000,0.000,0.000,0.000,0.000,0.000,0.000,0.000,0.000,0.000,0.000],
#data right_hand_run_cumulative=>[0.465,0.745,0.881,0.945,0.974,0.988,0.994,0.997,0.999,0.999,1.000,1.000,1.000,1.000,1.000,1.000,1.000,1.000,1.000,1.000,1.000,1.000],

keyboard hand run length
------------------------------------------------------------
1                     2254995 46.8  46.8
2                     1386037 28.8  75.6
3                      620872 12.9  88.5
4                      304265  6.3  94.8
5                      132989  2.8  97.5
6                       63853  1.3  98.9
7                       29593  0.6  99.5
8                       13812  0.3  99.8
9                        6280  0.1  99.9
10                       2790  0.1  99.9
11                       1352  0.0 100.0
12                        584  0.0 100.0
13                        245  0.0 100.0
14                        121  0.0 100.0
15                         66  0.0 100.0
16                         31  0.0 100.0
17                         13  0.0 100.0
18                          8  0.0 100.0
19                          4  0.0 100.0
20                          6  0.0 100.0
21                          3  0.0 100.0
23                          1  0.0 100.0
26                          1  0.0 100.0

#data all_hand_run_data=>[qw(1 2 3 4 5 6 7 8 9 10 11 12 13 14 15 16 17 18 19 20 21 23 26)],
#data all_hand_run_frequency=>[0.468,0.288,0.129,0.063,0.028,0.013,0.006,0.003,0.001,0.001,0.000,0.000,0.000,0.000,0.000,0.000,0.000,0.000,0.000,0.000,0.000,0.000,0.000],
#data all_hand_run_cumulative=>[0.468,0.756,0.885,0.948,0.975,0.989,0.995,0.998,0.999,0.999,1.000,1.000,1.000,1.000,1.000,1.000,1.000,1.000,1.000,1.000,1.000,1.000,1.000],

keyboard top row run length
------------------------------------------------------------
1                     1030817 81.3  81.3
2                      191847 15.1  96.4
3                       38195  3.0  99.4
4                        6191  0.5  99.9
5                         700  0.1 100.0
6                         110  0.0 100.0
7                          36  0.0 100.0
8                          10  0.0 100.0
9                           2  0.0 100.0
12                          1  0.0 100.0

#data t_row_run_data=>[qw(1 2 3 4 5 6 7 8 9 12)],
#data t_row_run_frequency=>[0.813,0.151,0.030,0.005,0.001,0.000,0.000,0.000,0.000,0.000],
#data t_row_run_cumulative=>[0.813,0.964,0.994,0.999,1.000,1.000,1.000,1.000,1.000,1.000],

keyboard home row run length
------------------------------------------------------------
1                      903518 37.5  37.5
2                      570984 23.7  61.2
3                      354969 14.7  75.9
4                      217109  9.0  84.9
5                      136584  5.7  90.6
6                       87908  3.6  94.2
7                       53329  2.2  96.4
8                       33765  1.4  97.8
9                       20292  0.8  98.7
10                      12412  0.5  99.2
11                       7742  0.3  99.5
12                       4469  0.2  99.7
13                       2703  0.1  99.8
14                       1622  0.1  99.9
15                       1002  0.0  99.9
16                        624  0.0 100.0
17                        404  0.0 100.0
18                        270  0.0 100.0
19                        160  0.0 100.0
20                         85  0.0 100.0
21                         56  0.0 100.0
22                         24  0.0 100.0
23                         18  0.0 100.0
24                         11  0.0 100.0
25                          4  0.0 100.0
26                          5  0.0 100.0
27                          7  0.0 100.0
28                          1  0.0 100.0
29                          4  0.0 100.0
30                          1  0.0 100.0
34                          1  0.0 100.0

#data h_row_run_data=>[qw(1 2 3 4 5 6 7 8 9 10 11 12 13 14 15 16 17 18 19 20 21 22 23 24 25 26 27 28 29 30 34)],
#data h_row_run_frequency=>[0.375,0.237,0.147,0.090,0.057,0.036,0.022,0.014,0.008,0.005,0.003,0.002,0.001,0.001,0.000,0.000,0.000,0.000,0.000,0.000,0.000,0.000,0.000,0.000,0.000,0.000,0.000,0.000,0.000,0.000,0.000],
#data h_row_run_cumulative=>[0.375,0.612,0.759,0.849,0.906,0.942,0.964,0.978,0.987,0.992,0.995,0.997,0.998,0.999,0.999,1.000,1.000,1.000,1.000,1.000,1.000,1.000,1.000,1.000,1.000,1.000,1.000,1.000,1.000,1.000,1.000],

keyboard bottom row run length
------------------------------------------------------------
1                     1280657 88.2  88.2
2                      148379 10.2  98.5
3                       20558  1.4  99.9
4                        1659  0.1 100.0
5                         210  0.0 100.0
6                          15  0.0 100.0
7                           2  0.0 100.0
9                           4  0.0 100.0

#data b_row_run_data=>[qw(1 2 3 4 5 6 7 9)],
#data b_row_run_frequency=>[0.882,0.102,0.014,0.001,0.000,0.000,0.000,0.000],
#data b_row_run_cumulative=>[0.882,0.985,0.999,1.000,1.000,1.000,1.000,1.000],

keyboard row run length
------------------------------------------------------------
1                     3214992 62.7  62.7
2                      911210 17.8  80.4
3                      413722  8.1  88.5
4                      224959  4.4  92.9
5                      137494  2.7  95.6
6                       88033  1.7  97.3
7                       53367  1.0  98.3
8                       33775  0.7  99.0
9                       20298  0.4  99.4
10                      12412  0.2  99.6
11                       7742  0.2  99.8
12                       4470  0.1  99.9
13                       2703  0.1  99.9
14                       1622  0.0  99.9
15                       1002  0.0 100.0
16                        624  0.0 100.0
17                        404  0.0 100.0
18                        270  0.0 100.0
19                        160  0.0 100.0
20                         85  0.0 100.0
21                         56  0.0 100.0
22                         24  0.0 100.0
23                         18  0.0 100.0
24                         11  0.0 100.0
25                          4  0.0 100.0
26                          5  0.0 100.0
27                          7  0.0 100.0
28                          1  0.0 100.0
29                          4  0.0 100.0
30                          1  0.0 100.0
34                          1  0.0 100.0

#data all_row_run_data=>[qw(1 2 3 4 5 6 7 8 9 10 11 12 13 14 15 16 17 18 19 20 21 22 23 24 25 26 27 28 29 30 34)],
#data all_row_run_frequency=>[0.627,0.178,0.081,0.044,0.027,0.017,0.010,0.007,0.004,0.002,0.002,0.001,0.001,0.000,0.000,0.000,0.000,0.000,0.000,0.000,0.000,0.000,0.000,0.000,0.000,0.000,0.000,0.000,0.000,0.000,0.000],
#data all_row_run_cumulative=>[0.627,0.804,0.885,0.929,0.956,0.973,0.983,0.990,0.994,0.996,0.998,0.999,0.999,0.999,1.000,1.000,1.000,1.000,1.000,1.000,1.000,1.000,1.000,1.000,1.000,1.000,1.000,1.000,1.000,1.000,1.000],

keyboard finger run length
------------------------------------------------------------
1                     8440757 93.7  93.7
2                      545283  6.1  99.8
3                       16957  0.2 100.0
4                         836  0.0 100.0
5                          13  0.0 100.0
6                           6  0.0 100.0
7                           4  0.0 100.0
8                           2  0.0 100.0
9                           5  0.0 100.0
11                          3  0.0 100.0
12                          1  0.0 100.0
20                          1  0.0 100.0

#data finger_run_data=>[qw(1 2 3 4 5 6 7 8 9 11 12 20)],
#data finger_run_frequency=>[0.937,0.061,0.002,0.000,0.000,0.000,0.000,0.000,0.000,0.000,0.000,0.000],
#data finger_run_cumulative=>[0.937,0.998,1.000,1.000,1.000,1.000,1.000,1.000,1.000,1.000,1.000,1.000],

keyboard same-hand row jump length
------------------------------------------------------------
1                     5356049 75.1  75.1
2                     1244569 17.4  92.5
3                      351600  4.9  97.4
4                      120244  1.7  99.1
5                       39308  0.6  99.7
6                       14929  0.2  99.9
7                        4827  0.1  99.9
8                        2093  0.0 100.0
9                         899  0.0 100.0
10                        335  0.0 100.0
11                        162  0.0 100.0
12                         50  0.0 100.0
13                         18  0.0 100.0
14                         13  0.0 100.0
15                          2  0.0 100.0
18                          1  0.0 100.0

#data row_jump_data=>[qw(1 2 3 4 5 6 7 8 9 10 11 12 13 14 15 18)],
#data row_jump_frequency=>[0.751,0.174,0.049,0.017,0.006,0.002,0.001,0.000,0.000,0.000,0.000,0.000,0.000,0.000,0.000,0.000],
#data row_jump_cumulative=>[0.751,0.925,0.974,0.991,0.997,0.999,0.999,1.000,1.000,1.000,1.000,1.000,1.000,1.000,1.000,1.000],

corpus character frequency
------------------------------------------------------------
e                     1189270 12.4  12.4
t                      857621  8.9  21.4
a                      772047  8.1  29.4
o                      743158  7.8  37.2
i                      664716  6.9  44.1
n                      659446  6.9  51.0
h                      601534  6.3  57.2
s                      600522  6.3  63.5
r                      551354  5.8  69.3
d                      428936  4.5  73.7
l                      395151  4.1  77.9
u                      278222  2.9  80.8
m                      257890  2.7  83.5
w                      230357  2.4  85.9
c                      228885  2.4  88.2
f                      208786  2.2  90.4
y                      202083  2.1  92.5
g                      192882  2.0  94.5
p                      158583  1.7  96.2
b                      149480  1.6  97.8
v                       91308  1.0  98.7
k                       78419  0.8  99.5
j                       14421  0.2  99.7
x                       14308  0.1  99.8
q                       10285  0.1  99.9
z                        6129  0.1 100.0

#data character_frequency_data=>[qw(e t a o i n h s r d l u m w c f y g p b v k j x q z)],
#data character_frequency_frequency=>[0.124,0.089,0.081,0.078,0.069,0.069,0.063,0.063,0.058,0.045,0.041,0.029,0.027,0.024,0.024,0.022,0.021,0.020,0.017,0.016,0.010,0.008,0.002,0.001,0.001,0.001],
#data character_frequency_cumulative=>[0.124,0.214,0.294,0.372,0.441,0.510,0.572,0.635,0.693,0.737,0.779,0.808,0.835,0.859,0.882,0.904,0.925,0.945,0.962,0.978,0.987,0.995,0.997,0.998,0.999,1.000],

