Keyboard effort
------------------------------------------------------------
k1                      0.757  78.8  78.8
k1,k2                   0.936  18.6  97.5
k1,k2,k3                0.960   2.5 100.0
b                       0.359  20.9  20.9
p                       0.601  35.0 159.8
ph                      0.000   0.0   0.0
pr                      0.149  24.8  24.8
pf                      0.395  65.7  90.5
s                       0.755  44.0 100.0
all                     1.715 100.0 100.0

#data effort_k1=>[0.757,78.838,78.838],
#data effort_k12=>[0.936,18.631,97.468],
#data effort_k123=>[0.960,2.532,100.000],
#data effort_base=>[0.359,20.943,20.943],
#data effort_penalty=>[0.601,35.049,159.754],
#data effort_penalty_hand=>[0.000,0.000,0.000],
#data effort_penalty_row=>[0.149,24.841,24.841],
#data effort_penalty_finger=>[0.395,65.666,90.507],
#data effort_path=>[0.755,44.009,100.000],
#data effort_all=>[1.715,100.000,100.000],

keyboard row frequency
------------------------------------------------------------
1                     1629326 17.8  17.8
2                     6808377 74.4  92.2
3                      713462  7.8 100.0

#data row_data=>[qw(1 2 3)],
#data row_frequency=>[0.178,0.744,0.078],
#data row_cumulative=>[0.178,0.922,1.000],

keyboard hand frequency
------------------------------------------------------------
0                     4342999 47.5  47.5
1                     4808166 52.5 100.0

#data hand_data=>[qw(0 1)],
#data hand_frequency=>[0.475,0.525],
#data hand_cumulative=>[0.475,1.000],

keyboard finger frequency
------------------------------------------------------------
0                      543799  5.9   5.9
1                      803239  8.8  14.7
2                     1240064 13.6  28.3
3                     1755897 19.2  47.5
6                     2245505 24.5  72.0
7                     1301760 14.2  86.2
8                      776058  8.5  94.7
9                      484843  5.3 100.0

#data finger_data=>[qw(0 1 2 3 6 7 8 9)],
#data finger_frequency=>[0.059,0.088,0.136,0.192,0.245,0.142,0.085,0.053],
#data finger_cumulative=>[0.059,0.147,0.283,0.475,0.720,0.862,0.947,1.000],

keyboard left hand run length
------------------------------------------------------------
1                     1511738 57.4  57.4
2                      673499 25.6  83.0
3                      259087  9.8  92.8
4                      117930  4.5  97.3
5                       44350  1.7  99.0
6                       16803  0.6  99.6
7                        6590  0.3  99.8
8                        2613  0.1  99.9
9                         812  0.0 100.0
10                        337  0.0 100.0
11                        132  0.0 100.0
12                         46  0.0 100.0
13                         23  0.0 100.0
14                          7  0.0 100.0
15                          3  0.0 100.0
16                          1  0.0 100.0
17                          1  0.0 100.0
18                          6  0.0 100.0
19                          1  0.0 100.0
20                          1  0.0 100.0
21                          1  0.0 100.0
22                          2  0.0 100.0
25                          1  0.0 100.0

#data left_hand_run_data=>[qw(1 2 3 4 5 6 7 8 9 10 11 12 13 14 15 16 17 18 19 20 21 22 25)],
#data left_hand_run_frequency=>[0.574,0.256,0.098,0.045,0.017,0.006,0.003,0.001,0.000,0.000,0.000,0.000,0.000,0.000,0.000,0.000,0.000,0.000,0.000,0.000,0.000,0.000,0.000],
#data left_hand_run_cumulative=>[0.574,0.830,0.928,0.973,0.990,0.996,0.998,0.999,1.000,1.000,1.000,1.000,1.000,1.000,1.000,1.000,1.000,1.000,1.000,1.000,1.000,1.000,1.000],

keyboard right hand run length
------------------------------------------------------------
1                     1160226 44.0  44.0
2                      883555 33.5  77.6
3                      375767 14.3  91.9
4                      122331  4.6  96.5
5                       51470  2.0  98.5
6                       22727  0.9  99.3
7                       10512  0.4  99.7
8                        4598  0.2  99.9
9                        1717  0.1 100.0
10                        642  0.0 100.0
11                        250  0.0 100.0
12                        112  0.0 100.0
13                         47  0.0 100.0
14                         13  0.0 100.0
15                          9  0.0 100.0
16                          4  0.0 100.0
17                          1  0.0 100.0
18                          1  0.0 100.0
22                          1  0.0 100.0
23                          1  0.0 100.0

#data right_hand_run_data=>[qw(1 2 3 4 5 6 7 8 9 10 11 12 13 14 15 16 17 18 22 23)],
#data right_hand_run_frequency=>[0.440,0.335,0.143,0.046,0.020,0.009,0.004,0.002,0.001,0.000,0.000,0.000,0.000,0.000,0.000,0.000,0.000,0.000,0.000,0.000],
#data right_hand_run_cumulative=>[0.440,0.776,0.919,0.965,0.985,0.993,0.997,0.999,1.000,1.000,1.000,1.000,1.000,1.000,1.000,1.000,1.000,1.000,1.000,1.000],

keyboard hand run length
------------------------------------------------------------
1                     2671964 50.7  50.7
2                     1557054 29.6  80.3
3                      634854 12.1  92.3
4                      240261  4.6  96.9
5                       95820  1.8  98.7
6                       39530  0.8  99.5
7                       17102  0.3  99.8
8                        7211  0.1  99.9
9                        2529  0.0 100.0
10                        979  0.0 100.0
11                        382  0.0 100.0
12                        158  0.0 100.0
13                         70  0.0 100.0
14                         20  0.0 100.0
15                         12  0.0 100.0
16                          5  0.0 100.0
17                          2  0.0 100.0
18                          7  0.0 100.0
19                          1  0.0 100.0
20                          1  0.0 100.0
21                          1  0.0 100.0
22                          3  0.0 100.0
23                          1  0.0 100.0
25                          1  0.0 100.0

#data all_hand_run_data=>[qw(1 2 3 4 5 6 7 8 9 10 11 12 13 14 15 16 17 18 19 20 21 22 23 25)],
#data all_hand_run_frequency=>[0.507,0.296,0.121,0.046,0.018,0.008,0.003,0.001,0.000,0.000,0.000,0.000,0.000,0.000,0.000,0.000,0.000,0.000,0.000,0.000,0.000,0.000,0.000,0.000],
#data all_hand_run_cumulative=>[0.507,0.803,0.923,0.969,0.987,0.995,0.998,0.999,1.000,1.000,1.000,1.000,1.000,1.000,1.000,1.000,1.000,1.000,1.000,1.000,1.000,1.000,1.000,1.000],

keyboard top row run length
------------------------------------------------------------
1                      992396 75.9  75.9
2                      257426 19.7  95.5
3                       47289  3.6  99.1
4                        9188  0.7  99.8
5                        1693  0.1 100.0
6                         266  0.0 100.0
7                          46  0.0 100.0
8                           7  0.0 100.0
9                           8  0.0 100.0
10                          3  0.0 100.0
11                          1  0.0 100.0
12                          1  0.0 100.0
14                          1  0.0 100.0
27                          1  0.0 100.0

#data t_row_run_data=>[qw(1 2 3 4 5 6 7 8 9 10 11 12 14 27)],
#data t_row_run_frequency=>[0.759,0.197,0.036,0.007,0.001,0.000,0.000,0.000,0.000,0.000,0.000,0.000,0.000,0.000],
#data t_row_run_cumulative=>[0.759,0.955,0.991,0.998,1.000,1.000,1.000,1.000,1.000,1.000,1.000,1.000,1.000,1.000],

keyboard home row run length
------------------------------------------------------------
1                      475307 25.5  25.5
2                      346138 18.6  44.1
3                      269545 14.5  58.6
4                      196327 10.5  69.2
5                      160768  8.6  77.8
6                      111359  6.0  83.8
7                       82190  4.4  88.2
8                       61089  3.3  91.5
9                       43526  2.3  93.8
10                      31754  1.7  95.5
11                      22683  1.2  96.7
12                      16478  0.9  97.6
13                      12107  0.7  98.3
14                       8716  0.5  98.7
15                       6437  0.3  99.1
16                       4712  0.3  99.3
17                       3291  0.2  99.5
18                       2478  0.1  99.7
19                       1731  0.1  99.7
20                       1210  0.1  99.8
21                       1003  0.1  99.9
22                        676  0.0  99.9
23                        487  0.0  99.9
24                        397  0.0  99.9
25                        292  0.0 100.0
26                        199  0.0 100.0
27                        139  0.0 100.0
28                         98  0.0 100.0
29                         67  0.0 100.0
30                         55  0.0 100.0
31                         30  0.0 100.0
32                         27  0.0 100.0
33                         21  0.0 100.0
34                         19  0.0 100.0
35                          8  0.0 100.0
36                          9  0.0 100.0
37                          7  0.0 100.0
38                          3  0.0 100.0
39                          3  0.0 100.0
40                          2  0.0 100.0
41                          3  0.0 100.0
43                          1  0.0 100.0
45                          1  0.0 100.0
46                          3  0.0 100.0
52                          1  0.0 100.0

#data h_row_run_data=>[qw(1 2 3 4 5 6 7 8 9 10 11 12 13 14 15 16 17 18 19 20 21 22 23 24 25 26 27 28 29 30 31 32 33 34 35 36 37 38 39 40 41 43 45 46 52)],
#data h_row_run_frequency=>[0.255,0.186,0.145,0.105,0.086,0.060,0.044,0.033,0.023,0.017,0.012,0.009,0.007,0.005,0.003,0.003,0.002,0.001,0.001,0.001,0.001,0.000,0.000,0.000,0.000,0.000,0.000,0.000,0.000,0.000,0.000,0.000,0.000,0.000,0.000,0.000,0.000,0.000,0.000,0.000,0.000,0.000,0.000,0.000,0.000],
#data h_row_run_cumulative=>[0.255,0.441,0.586,0.692,0.778,0.838,0.882,0.915,0.938,0.955,0.967,0.976,0.983,0.987,0.991,0.993,0.995,0.997,0.997,0.998,0.999,0.999,0.999,0.999,1.000,1.000,1.000,1.000,1.000,1.000,1.000,1.000,1.000,1.000,1.000,1.000,1.000,1.000,1.000,1.000,1.000,1.000,1.000,1.000,1.000],

keyboard bottom row run length
------------------------------------------------------------
1                      678871 95.6  95.6
2                       31281  4.4 100.0
3                         260  0.0 100.0
4                          11  0.0 100.0
5                           1  0.0 100.0
9                           4  0.0 100.0

#data b_row_run_data=>[qw(1 2 3 4 5 9)],
#data b_row_run_frequency=>[0.956,0.044,0.000,0.000,0.000,0.000],
#data b_row_run_cumulative=>[0.956,1.000,1.000,1.000,1.000,1.000],

keyboard row run length
------------------------------------------------------------
1                     2146574 55.3  55.3
2                      634845 16.4  71.7
3                      317094  8.2  79.9
4                      205526  5.3  85.2
5                      162462  4.2  89.3
6                      111625  2.9  92.2
7                       82236  2.1  94.3
8                       61096  1.6  95.9
9                       43538  1.1  97.0
10                      31757  0.8  97.9
11                      22684  0.6  98.4
12                      16479  0.4  98.9
13                      12107  0.3  99.2
14                       8717  0.2  99.4
15                       6437  0.2  99.6
16                       4712  0.1  99.7
17                       3291  0.1  99.8
18                       2478  0.1  99.8
19                       1731  0.0  99.9
20                       1210  0.0  99.9
21                       1003  0.0  99.9
22                        676  0.0 100.0
23                        487  0.0 100.0
24                        397  0.0 100.0
25                        292  0.0 100.0
26                        199  0.0 100.0
27                        140  0.0 100.0
28                         98  0.0 100.0
29                         67  0.0 100.0
30                         55  0.0 100.0
31                         30  0.0 100.0
32                         27  0.0 100.0
33                         21  0.0 100.0
34                         19  0.0 100.0
35                          8  0.0 100.0
36                          9  0.0 100.0
37                          7  0.0 100.0
38                          3  0.0 100.0
39                          3  0.0 100.0
40                          2  0.0 100.0
41                          3  0.0 100.0
43                          1  0.0 100.0
45                          1  0.0 100.0
46                          3  0.0 100.0
52                          1  0.0 100.0

#data all_row_run_data=>[qw(1 2 3 4 5 6 7 8 9 10 11 12 13 14 15 16 17 18 19 20 21 22 23 24 25 26 27 28 29 30 31 32 33 34 35 36 37 38 39 40 41 43 45 46 52)],
#data all_row_run_frequency=>[0.553,0.164,0.082,0.053,0.042,0.029,0.021,0.016,0.011,0.008,0.006,0.004,0.003,0.002,0.002,0.001,0.001,0.001,0.000,0.000,0.000,0.000,0.000,0.000,0.000,0.000,0.000,0.000,0.000,0.000,0.000,0.000,0.000,0.000,0.000,0.000,0.000,0.000,0.000,0.000,0.000,0.000,0.000,0.000,0.000],
#data all_row_run_cumulative=>[0.553,0.717,0.799,0.852,0.893,0.922,0.943,0.959,0.970,0.979,0.984,0.989,0.992,0.994,0.996,0.997,0.998,0.998,0.999,0.999,0.999,1.000,1.000,1.000,1.000,1.000,1.000,1.000,1.000,1.000,1.000,1.000,1.000,1.000,1.000,1.000,1.000,1.000,1.000,1.000,1.000,1.000,1.000,1.000,1.000],

keyboard finger run length
------------------------------------------------------------
1                     7736935 89.8  89.8
2                      791694  9.2  99.0
3                       78525  0.9  99.9
4                        6669  0.1 100.0
5                         516  0.0 100.0
6                          53  0.0 100.0
7                          10  0.0 100.0
8                           8  0.0 100.0
9                           6  0.0 100.0
10                          1  0.0 100.0
11                          3  0.0 100.0
12                          3  0.0 100.0
13                          1  0.0 100.0
20                          1  0.0 100.0
21                          1  0.0 100.0

#data finger_run_data=>[qw(1 2 3 4 5 6 7 8 9 10 11 12 13 20 21)],
#data finger_run_frequency=>[0.898,0.092,0.009,0.001,0.000,0.000,0.000,0.000,0.000,0.000,0.000,0.000,0.000,0.000,0.000],
#data finger_run_cumulative=>[0.898,0.990,0.999,1.000,1.000,1.000,1.000,1.000,1.000,1.000,1.000,1.000,1.000,1.000,1.000],

keyboard same-hand row jump length
------------------------------------------------------------
1                     6311035 81.5  81.5
2                     1061605 13.7  95.2
3                      283239  3.7  98.9
4                       65828  0.9  99.7
5                       15812  0.2  99.9
6                        3919  0.1 100.0
7                        1061  0.0 100.0
8                         351  0.0 100.0
9                         129  0.0 100.0
10                         32  0.0 100.0
11                         13  0.0 100.0
12                          3  0.0 100.0
13                          1  0.0 100.0

#data row_jump_data=>[qw(1 2 3 4 5 6 7 8 9 10 11 12 13)],
#data row_jump_frequency=>[0.815,0.137,0.037,0.009,0.002,0.001,0.000,0.000,0.000,0.000,0.000,0.000,0.000],
#data row_jump_cumulative=>[0.815,0.952,0.989,0.997,0.999,1.000,1.000,1.000,1.000,1.000,1.000,1.000,1.000],

corpus character frequency
------------------------------------------------------------
e                     1189270 12.4  12.4
t                      857621  8.9  21.4
a                      772047  8.1  29.4
o                      743158  7.8  37.2
i                      664716  6.9  44.1
n                      659446  6.9  51.0
h                      601534  6.3  57.2
s                      600522  6.3  63.5
r                      551354  5.8  69.3
d                      428936  4.5  73.7
l                      395151  4.1  77.9
u                      278222  2.9  80.8
m                      257890  2.7  83.5
w                      230357  2.4  85.9
c                      228885  2.4  88.2
f                      208786  2.2  90.4
y                      202083  2.1  92.5
g                      192882  2.0  94.5
p                      158583  1.7  96.2
b                      149480  1.6  97.8
v                       91308  1.0  98.7
k                       78419  0.8  99.5
j                       14421  0.2  99.7
x                       14308  0.1  99.8
q                       10285  0.1  99.9
z                        6129  0.1 100.0

#data character_frequency_data=>[qw(e t a o i n h s r d l u m w c f y g p b v k j x q z)],
#data character_frequency_frequency=>[0.124,0.089,0.081,0.078,0.069,0.069,0.063,0.063,0.058,0.045,0.041,0.029,0.027,0.024,0.024,0.022,0.021,0.020,0.017,0.016,0.010,0.008,0.002,0.001,0.001,0.001],
#data character_frequency_cumulative=>[0.124,0.214,0.294,0.372,0.441,0.510,0.572,0.635,0.693,0.737,0.779,0.808,0.835,0.859,0.882,0.904,0.925,0.945,0.962,0.978,0.987,0.995,0.997,0.998,0.999,1.000],

