Keyboard effort
------------------------------------------------------------
k1                      0.848  74.5  74.5
k1,k2                   1.094  21.6  96.1
k1,k2,k3                1.138   3.9 100.0
b                       0.341  18.3  18.3
p                       0.797  42.7 142.8
ph                      0.000   0.0   0.0
pr                      0.141  17.7  17.7
pf                      0.563  70.7  88.4
s                       0.729  39.0 100.0
all                     1.867 100.0 100.0

#data effort_k1=>[0.848,74.492,74.492],
#data effort_k12=>[1.094,21.629,96.121],
#data effort_k123=>[1.138,3.879,100.000],
#data effort_base=>[0.341,18.289,18.289],
#data effort_penalty=>[0.797,42.682,142.849],
#data effort_penalty_hand=>[0.000,0.000,0.000],
#data effort_penalty_row=>[0.141,17.688,17.688],
#data effort_penalty_finger=>[0.563,70.700,88.389],
#data effort_path=>[0.729,39.029,100.000],
#data effort_all=>[1.867,100.000,100.000],

keyboard row frequency
------------------------------------------------------------
1                     1955138 21.4  21.4
2                     6734080 73.6  95.0
3                      461947  5.0 100.0

#data row_data=>[qw(1 2 3)],
#data row_frequency=>[0.214,0.736,0.050],
#data row_cumulative=>[0.214,0.950,1.000],

keyboard hand frequency
------------------------------------------------------------
0                     4321797 47.2  47.2
1                     4829368 52.8 100.0

#data hand_data=>[qw(0 1)],
#data hand_frequency=>[0.472,0.528],
#data hand_cumulative=>[0.472,1.000],

keyboard finger frequency
------------------------------------------------------------
0                      797279  8.7   8.7
1                      748783  8.2  16.9
2                     1384856 15.1  32.0
3                     1390879 15.2  47.2
6                     1847278 20.2  67.4
7                     1253064 13.7  81.1
8                      926579 10.1  91.2
9                      802447  8.8 100.0

#data finger_data=>[qw(0 1 2 3 6 7 8 9)],
#data finger_frequency=>[0.087,0.082,0.151,0.152,0.202,0.137,0.101,0.088],
#data finger_cumulative=>[0.087,0.169,0.320,0.472,0.674,0.811,0.912,1.000],

keyboard left hand run length
------------------------------------------------------------
1                     2174583 70.2  70.2
2                      597389 19.3  89.5
3                      196378  6.3  95.9
4                       86820  2.8  98.7
5                       26345  0.9  99.5
6                        9904  0.3  99.9
7                        3015  0.1  99.9
8                        1067  0.0 100.0
9                         356  0.0 100.0
10                        126  0.0 100.0
11                         44  0.0 100.0
12                          9  0.0 100.0
13                          9  0.0 100.0
14                          2  0.0 100.0
15                          2  0.0 100.0
16                          1  0.0 100.0
17                          1  0.0 100.0
20                          1  0.0 100.0

#data left_hand_run_data=>[qw(1 2 3 4 5 6 7 8 9 10 11 12 13 14 15 16 17 20)],
#data left_hand_run_frequency=>[0.702,0.193,0.063,0.028,0.009,0.003,0.001,0.000,0.000,0.000,0.000,0.000,0.000,0.000,0.000,0.000,0.000,0.000],
#data left_hand_run_cumulative=>[0.702,0.895,0.959,0.987,0.995,0.999,0.999,1.000,1.000,1.000,1.000,1.000,1.000,1.000,1.000,1.000,1.000,1.000],

keyboard right hand run length
------------------------------------------------------------
1                     1688608 54.5  54.5
2                      959029 31.0  85.5
3                      358751 11.6  97.1
4                       78635  2.5  99.6
5                        9903  0.3 100.0
6                        1002  0.0 100.0
7                          94  0.0 100.0
8                          12  0.0 100.0
9                           3  0.0 100.0
10                          6  0.0 100.0
12                          1  0.0 100.0
13                          1  0.0 100.0
17                          1  0.0 100.0
18                          3  0.0 100.0
21                          1  0.0 100.0

#data right_hand_run_data=>[qw(1 2 3 4 5 6 7 8 9 10 12 13 17 18 21)],
#data right_hand_run_frequency=>[0.545,0.310,0.116,0.025,0.003,0.000,0.000,0.000,0.000,0.000,0.000,0.000,0.000,0.000,0.000],
#data right_hand_run_cumulative=>[0.545,0.855,0.971,0.996,1.000,1.000,1.000,1.000,1.000,1.000,1.000,1.000,1.000,1.000,1.000],

keyboard hand run length
------------------------------------------------------------
1                     3863191 62.4  62.4
2                     1556418 25.1  87.5
3                      555129  9.0  96.5
4                      165455  2.7  99.2
5                       36248  0.6  99.7
6                       10906  0.2  99.9
7                        3109  0.1 100.0
8                        1079  0.0 100.0
9                         359  0.0 100.0
10                        132  0.0 100.0
11                         44  0.0 100.0
12                         10  0.0 100.0
13                         10  0.0 100.0
14                          2  0.0 100.0
15                          2  0.0 100.0
16                          1  0.0 100.0
17                          2  0.0 100.0
18                          3  0.0 100.0
20                          1  0.0 100.0
21                          1  0.0 100.0

#data all_hand_run_data=>[qw(1 2 3 4 5 6 7 8 9 10 11 12 13 14 15 16 17 18 20 21)],
#data all_hand_run_frequency=>[0.624,0.251,0.090,0.027,0.006,0.002,0.001,0.000,0.000,0.000,0.000,0.000,0.000,0.000,0.000,0.000,0.000,0.000,0.000,0.000],
#data all_hand_run_cumulative=>[0.624,0.875,0.965,0.992,0.997,0.999,1.000,1.000,1.000,1.000,1.000,1.000,1.000,1.000,1.000,1.000,1.000,1.000,1.000,1.000],

keyboard top row run length
------------------------------------------------------------
1                     1256869 78.5  78.5
2                      271761 17.0  95.5
3                       57934  3.6  99.1
4                       11210  0.7  99.8
5                        2606  0.2  99.9
6                         702  0.0 100.0
7                         241  0.0 100.0
8                          36  0.0 100.0
9                           8  0.0 100.0
10                          3  0.0 100.0
12                          2  0.0 100.0

#data t_row_run_data=>[qw(1 2 3 4 5 6 7 8 9 10 12)],
#data t_row_run_frequency=>[0.785,0.170,0.036,0.007,0.002,0.000,0.000,0.000,0.000,0.000,0.000],
#data t_row_run_cumulative=>[0.785,0.955,0.991,0.998,0.999,1.000,1.000,1.000,1.000,1.000,1.000],

keyboard home row run length
------------------------------------------------------------
1                      495620 26.0  26.0
2                      385476 20.2  46.2
3                      271384 14.2  60.4
4                      197687 10.4  70.8
5                      159575  8.4  79.2
6                      110166  5.8  84.9
7                       80947  4.2  89.2
8                       59062  3.1  92.3
9                       41637  2.2  94.5
10                      29950  1.6  96.0
11                      21283  1.1  97.2
12                      15161  0.8  97.9
13                      11071  0.6  98.5
14                       7823  0.4  98.9
15                       5745  0.3  99.2
16                       4154  0.2  99.5
17                       2846  0.1  99.6
18                       2129  0.1  99.7
19                       1479  0.1  99.8
20                       1030  0.1  99.8
21                        819  0.0  99.9
22                        582  0.0  99.9
23                        398  0.0  99.9
24                        323  0.0 100.0
25                        229  0.0 100.0
26                        159  0.0 100.0
27                        108  0.0 100.0
28                         69  0.0 100.0
29                         53  0.0 100.0
30                         36  0.0 100.0
31                         21  0.0 100.0
32                         17  0.0 100.0
33                         16  0.0 100.0
34                         13  0.0 100.0
35                          7  0.0 100.0
36                          7  0.0 100.0
37                          3  0.0 100.0
38                          3  0.0 100.0
39                          1  0.0 100.0
40                          1  0.0 100.0
41                          2  0.0 100.0
43                          1  0.0 100.0
45                          1  0.0 100.0

#data h_row_run_data=>[qw(1 2 3 4 5 6 7 8 9 10 11 12 13 14 15 16 17 18 19 20 21 22 23 24 25 26 27 28 29 30 31 32 33 34 35 36 37 38 39 40 41 43 45)],
#data h_row_run_frequency=>[0.260,0.202,0.142,0.104,0.084,0.058,0.042,0.031,0.022,0.016,0.011,0.008,0.006,0.004,0.003,0.002,0.001,0.001,0.001,0.001,0.000,0.000,0.000,0.000,0.000,0.000,0.000,0.000,0.000,0.000,0.000,0.000,0.000,0.000,0.000,0.000,0.000,0.000,0.000,0.000,0.000,0.000,0.000],
#data h_row_run_cumulative=>[0.260,0.462,0.604,0.708,0.792,0.849,0.892,0.923,0.945,0.960,0.972,0.979,0.985,0.989,0.992,0.995,0.996,0.997,0.998,0.998,0.999,0.999,0.999,1.000,1.000,1.000,1.000,1.000,1.000,1.000,1.000,1.000,1.000,1.000,1.000,1.000,1.000,1.000,1.000,1.000,1.000,1.000,1.000],

keyboard bottom row run length
------------------------------------------------------------
1                      455700 97.5  97.5
2                       11433  2.4 100.0
3                          55  0.0 100.0
4                           9  0.0 100.0
5                           2  0.0 100.0
9                           4  0.0 100.0

#data b_row_run_data=>[qw(1 2 3 4 5 9)],
#data b_row_run_frequency=>[0.975,0.024,0.000,0.000,0.000,0.000],
#data b_row_run_cumulative=>[0.975,1.000,1.000,1.000,1.000,1.000],

keyboard row run length
------------------------------------------------------------
1                     2208189 55.5  55.5
2                      668670 16.8  72.4
3                      329373  8.3  80.6
4                      208906  5.3  85.9
5                      162183  4.1  90.0
6                      110868  2.8  92.8
7                       81188  2.0  94.8
8                       59098  1.5  96.3
9                       41649  1.0  97.3
10                      29953  0.8  98.1
11                      21283  0.5  98.6
12                      15163  0.4  99.0
13                      11071  0.3  99.3
14                       7823  0.2  99.5
15                       5745  0.1  99.6
16                       4154  0.1  99.7
17                       2846  0.1  99.8
18                       2129  0.1  99.9
19                       1479  0.0  99.9
20                       1030  0.0  99.9
21                        819  0.0  99.9
22                        582  0.0 100.0
23                        398  0.0 100.0
24                        323  0.0 100.0
25                        229  0.0 100.0
26                        159  0.0 100.0
27                        108  0.0 100.0
28                         69  0.0 100.0
29                         53  0.0 100.0
30                         36  0.0 100.0
31                         21  0.0 100.0
32                         17  0.0 100.0
33                         16  0.0 100.0
34                         13  0.0 100.0
35                          7  0.0 100.0
36                          7  0.0 100.0
37                          3  0.0 100.0
38                          3  0.0 100.0
39                          1  0.0 100.0
40                          1  0.0 100.0
41                          2  0.0 100.0
43                          1  0.0 100.0
45                          1  0.0 100.0

#data all_row_run_data=>[qw(1 2 3 4 5 6 7 8 9 10 11 12 13 14 15 16 17 18 19 20 21 22 23 24 25 26 27 28 29 30 31 32 33 34 35 36 37 38 39 40 41 43 45)],
#data all_row_run_frequency=>[0.555,0.168,0.083,0.053,0.041,0.028,0.020,0.015,0.010,0.008,0.005,0.004,0.003,0.002,0.001,0.001,0.001,0.001,0.000,0.000,0.000,0.000,0.000,0.000,0.000,0.000,0.000,0.000,0.000,0.000,0.000,0.000,0.000,0.000,0.000,0.000,0.000,0.000,0.000,0.000,0.000,0.000,0.000],
#data all_row_run_cumulative=>[0.555,0.724,0.806,0.859,0.900,0.928,0.948,0.963,0.973,0.981,0.986,0.990,0.993,0.995,0.996,0.997,0.998,0.999,0.999,0.999,0.999,1.000,1.000,1.000,1.000,1.000,1.000,1.000,1.000,1.000,1.000,1.000,1.000,1.000,1.000,1.000,1.000,1.000,1.000,1.000,1.000,1.000,1.000],

keyboard finger run length
------------------------------------------------------------
1                     8299213 93.0  93.0
2                      584763  6.6  99.6
3                       32831  0.4 100.0
4                        3793  0.0 100.0
5                         564  0.0 100.0
6                          57  0.0 100.0
7                           8  0.0 100.0
8                           6  0.0 100.0
9                           2  0.0 100.0
10                          4  0.0 100.0
11                          3  0.0 100.0
12                          1  0.0 100.0
20                          1  0.0 100.0

#data finger_run_data=>[qw(1 2 3 4 5 6 7 8 9 10 11 12 20)],
#data finger_run_frequency=>[0.930,0.066,0.004,0.000,0.000,0.000,0.000,0.000,0.000,0.000,0.000,0.000,0.000],
#data finger_run_cumulative=>[0.930,0.996,1.000,1.000,1.000,1.000,1.000,1.000,1.000,1.000,1.000,1.000,1.000],

keyboard same-hand row jump length
------------------------------------------------------------
1                     6999511 86.0  86.0
2                      845665 10.4  96.4
3                      230442  2.8  99.2
4                       49821  0.6  99.8
5                       13999  0.2 100.0
6                        1193  0.0 100.0
7                         533  0.0 100.0
8                          52  0.0 100.0
9                          21  0.0 100.0
10                          3  0.0 100.0
11                          1  0.0 100.0
14                          1  0.0 100.0
17                          1  0.0 100.0

#data row_jump_data=>[qw(1 2 3 4 5 6 7 8 9 10 11 14 17)],
#data row_jump_frequency=>[0.860,0.104,0.028,0.006,0.002,0.000,0.000,0.000,0.000,0.000,0.000,0.000,0.000],
#data row_jump_cumulative=>[0.860,0.964,0.992,0.998,1.000,1.000,1.000,1.000,1.000,1.000,1.000,1.000,1.000],

corpus character frequency
------------------------------------------------------------
e                     1189270 12.4  12.4
t                      857621  8.9  21.4
a                      772047  8.1  29.4
o                      743158  7.8  37.2
i                      664716  6.9  44.1
n                      659446  6.9  51.0
h                      601534  6.3  57.2
s                      600522  6.3  63.5
r                      551354  5.8  69.3
d                      428936  4.5  73.7
l                      395151  4.1  77.9
u                      278222  2.9  80.8
m                      257890  2.7  83.5
w                      230357  2.4  85.9
c                      228885  2.4  88.2
f                      208786  2.2  90.4
y                      202083  2.1  92.5
g                      192882  2.0  94.5
p                      158583  1.7  96.2
b                      149480  1.6  97.8
v                       91308  1.0  98.7
k                       78419  0.8  99.5
j                       14421  0.2  99.7
x                       14308  0.1  99.8
q                       10285  0.1  99.9
z                        6129  0.1 100.0

#data character_frequency_data=>[qw(e t a o i n h s r d l u m w c f y g p b v k j x q z)],
#data character_frequency_frequency=>[0.124,0.089,0.081,0.078,0.069,0.069,0.063,0.063,0.058,0.045,0.041,0.029,0.027,0.024,0.024,0.022,0.021,0.020,0.017,0.016,0.010,0.008,0.002,0.001,0.001,0.001],
#data character_frequency_cumulative=>[0.124,0.214,0.294,0.372,0.441,0.510,0.572,0.635,0.693,0.737,0.779,0.808,0.835,0.859,0.882,0.904,0.925,0.945,0.962,0.978,0.987,0.995,0.997,0.998,0.999,1.000],

