Keyboard effort
------------------------------------------------------------
k1                      0.864  74.9  74.9
k1,k2                   1.110  21.3  96.2
k1,k2,k3                1.154   3.8 100.0
b                       0.342  17.2  17.2
p                       0.812  40.8 142.2
ph                      0.000   0.0   0.0
pr                      0.191  23.6  23.6
pf                      0.508  62.6  86.1
s                       0.838  42.1 100.0
all                     1.992 100.0 100.0

#data effort_k1=>[0.864,74.853,74.853],
#data effort_k12=>[1.110,21.337,96.191],
#data effort_k123=>[1.154,3.809,100.000],
#data effort_base=>[0.342,17.186,17.186],
#data effort_penalty=>[0.812,40.756,142.170],
#data effort_penalty_hand=>[0.000,0.000,0.000],
#data effort_penalty_row=>[0.191,23.559,23.559],
#data effort_penalty_finger=>[0.508,62.570,86.128],
#data effort_path=>[0.838,42.058,100.000],
#data effort_all=>[1.992,100.000,100.000],

keyboard row frequency
------------------------------------------------------------
1                     2093716 22.9  22.9
2                     6178969 67.5  90.4
3                      878480  9.6 100.0

#data row_data=>[qw(1 2 3)],
#data row_frequency=>[0.229,0.675,0.096],
#data row_cumulative=>[0.229,0.904,1.000],

keyboard hand frequency
------------------------------------------------------------
0                     4824634 52.7  52.7
1                     4326531 47.3 100.0

#data hand_data=>[qw(0 1)],
#data hand_frequency=>[0.527,0.473],
#data hand_cumulative=>[0.527,1.000],

keyboard finger frequency
------------------------------------------------------------
0                      764404  8.4   8.4
1                      805304  8.8  17.2
2                     1737866 19.0  36.1
3                     1517060 16.6  52.7
6                     1492039 16.3  69.0
7                     1167409 12.8  81.8
8                     1087727 11.9  93.7
9                      579356  6.3 100.0

#data finger_data=>[qw(0 1 2 3 6 7 8 9)],
#data finger_frequency=>[0.084,0.088,0.190,0.166,0.163,0.128,0.119,0.063],
#data finger_cumulative=>[0.084,0.172,0.361,0.527,0.690,0.818,0.937,1.000],

keyboard left hand run length
------------------------------------------------------------
1                     1223079 47.5  47.5
2                      720647 28.0  75.6
3                      342993 13.3  88.9
4                      157931  6.1  95.0
5                       72968  2.8  97.9
6                       33177  1.3  99.1
7                       12473  0.5  99.6
8                        5360  0.2  99.8
9                        2338  0.1  99.9
10                       1031  0.0 100.0
11                        412  0.0 100.0
12                        181  0.0 100.0
13                         88  0.0 100.0
14                         22  0.0 100.0
15                         11  0.0 100.0
16                         11  0.0 100.0
17                          6  0.0 100.0
18                          3  0.0 100.0
20                          2  0.0 100.0
22                          1  0.0 100.0

#data left_hand_run_data=>[qw(1 2 3 4 5 6 7 8 9 10 11 12 13 14 15 16 17 18 20 22)],
#data left_hand_run_frequency=>[0.475,0.280,0.133,0.061,0.028,0.013,0.005,0.002,0.001,0.000,0.000,0.000,0.000,0.000,0.000,0.000,0.000,0.000,0.000,0.000],
#data left_hand_run_cumulative=>[0.475,0.756,0.889,0.950,0.979,0.991,0.996,0.998,0.999,1.000,1.000,1.000,1.000,1.000,1.000,1.000,1.000,1.000,1.000,1.000],

keyboard right hand run length
------------------------------------------------------------
1                     1454068 56.5  56.5
2                      615282 23.9  80.4
3                      307273 11.9  92.4
4                      115928  4.5  96.9
5                       47480  1.8  98.7
6                       19700  0.8  99.5
7                        7533  0.3  99.8
8                        3116  0.1  99.9
9                        1309  0.1 100.0
10                        562  0.0 100.0
11                        265  0.0 100.0
12                        114  0.0 100.0
13                         52  0.0 100.0
14                         22  0.0 100.0
15                         14  0.0 100.0
16                          7  0.0 100.0
17                          1  0.0 100.0
18                          1  0.0 100.0
19                          1  0.0 100.0
22                          2  0.0 100.0
23                          1  0.0 100.0
24                          1  0.0 100.0

#data right_hand_run_data=>[qw(1 2 3 4 5 6 7 8 9 10 11 12 13 14 15 16 17 18 19 22 23 24)],
#data right_hand_run_frequency=>[0.565,0.239,0.119,0.045,0.018,0.008,0.003,0.001,0.001,0.000,0.000,0.000,0.000,0.000,0.000,0.000,0.000,0.000,0.000,0.000,0.000,0.000],
#data right_hand_run_cumulative=>[0.565,0.804,0.924,0.969,0.987,0.995,0.998,0.999,1.000,1.000,1.000,1.000,1.000,1.000,1.000,1.000,1.000,1.000,1.000,1.000,1.000,1.000],

keyboard hand run length
------------------------------------------------------------
1                     2677147 52.0  52.0
2                     1335929 26.0  78.0
3                      650266 12.6  90.6
4                      273859  5.3  96.0
5                      120448  2.3  98.3
6                       52877  1.0  99.3
7                       20006  0.4  99.7
8                        8476  0.2  99.9
9                        3647  0.1  99.9
10                       1593  0.0 100.0
11                        677  0.0 100.0
12                        295  0.0 100.0
13                        140  0.0 100.0
14                         44  0.0 100.0
15                         25  0.0 100.0
16                         18  0.0 100.0
17                          7  0.0 100.0
18                          4  0.0 100.0
19                          1  0.0 100.0
20                          2  0.0 100.0
22                          3  0.0 100.0
23                          1  0.0 100.0
24                          1  0.0 100.0

#data all_hand_run_data=>[qw(1 2 3 4 5 6 7 8 9 10 11 12 13 14 15 16 17 18 19 20 22 23 24)],
#data all_hand_run_frequency=>[0.520,0.260,0.126,0.053,0.023,0.010,0.004,0.002,0.001,0.000,0.000,0.000,0.000,0.000,0.000,0.000,0.000,0.000,0.000,0.000,0.000,0.000,0.000],
#data all_hand_run_cumulative=>[0.520,0.780,0.906,0.960,0.983,0.993,0.997,0.999,0.999,1.000,1.000,1.000,1.000,1.000,1.000,1.000,1.000,1.000,1.000,1.000,1.000,1.000,1.000],

keyboard top row run length
------------------------------------------------------------
1                     1397035 79.4  79.4
2                      298321 17.0  96.4
3                       54212  3.1  99.5
4                        8121  0.5  99.9
5                        1199  0.1 100.0
6                         152  0.0 100.0
7                          21  0.0 100.0
8                          10  0.0 100.0

#data t_row_run_data=>[qw(1 2 3 4 5 6 7 8)],
#data t_row_run_frequency=>[0.794,0.170,0.031,0.005,0.001,0.000,0.000,0.000],
#data t_row_run_cumulative=>[0.794,0.964,0.995,0.999,1.000,1.000,1.000,1.000],

keyboard home row run length
------------------------------------------------------------
1                      842729 37.0  37.0
2                      469235 20.6  57.6
3                      323799 14.2  71.8
4                      225139  9.9  81.7
5                      145150  6.4  88.1
6                       97942  4.3  92.4
7                       63528  2.8  95.2
8                       40508  1.8  96.9
9                       25207  1.1  98.1
10                      16324  0.7  98.8
11                      10197  0.4  99.2
12                       6471  0.3  99.5
13                       4067  0.2  99.7
14                       2723  0.1  99.8
15                       1614  0.1  99.9
16                       1089  0.0  99.9
17                        710  0.0  99.9
18                        459  0.0 100.0
19                        243  0.0 100.0
20                        154  0.0 100.0
21                        121  0.0 100.0
22                         70  0.0 100.0
23                         42  0.0 100.0
24                         33  0.0 100.0
25                         19  0.0 100.0
26                         13  0.0 100.0
27                         12  0.0 100.0
28                          2  0.0 100.0
29                          3  0.0 100.0
30                          1  0.0 100.0
31                          2  0.0 100.0
32                          1  0.0 100.0
33                          2  0.0 100.0
38                          1  0.0 100.0
40                          1  0.0 100.0

#data h_row_run_data=>[qw(1 2 3 4 5 6 7 8 9 10 11 12 13 14 15 16 17 18 19 20 21 22 23 24 25 26 27 28 29 30 31 32 33 38 40)],
#data h_row_run_frequency=>[0.370,0.206,0.142,0.099,0.064,0.043,0.028,0.018,0.011,0.007,0.004,0.003,0.002,0.001,0.001,0.000,0.000,0.000,0.000,0.000,0.000,0.000,0.000,0.000,0.000,0.000,0.000,0.000,0.000,0.000,0.000,0.000,0.000,0.000,0.000],
#data h_row_run_cumulative=>[0.370,0.576,0.718,0.817,0.881,0.924,0.952,0.969,0.981,0.988,0.992,0.995,0.997,0.998,0.999,0.999,0.999,1.000,1.000,1.000,1.000,1.000,1.000,1.000,1.000,1.000,1.000,1.000,1.000,1.000,1.000,1.000,1.000,1.000,1.000],

keyboard bottom row run length
------------------------------------------------------------
1                      802792 94.0  94.0
2                       51275  6.0 100.0
3                         367  0.0 100.0
4                          20  0.0 100.0
5                           4  0.0 100.0
10                          4  0.0 100.0

#data b_row_run_data=>[qw(1 2 3 4 5 10)],
#data b_row_run_frequency=>[0.940,0.060,0.000,0.000,0.000,0.000],
#data b_row_run_cumulative=>[0.940,1.000,1.000,1.000,1.000,1.000],

keyboard row run length
------------------------------------------------------------
1                     3042556 62.2  62.2
2                      818831 16.7  78.9
3                      378378  7.7  86.7
4                      233280  4.8  91.5
5                      146353  3.0  94.4
6                       98094  2.0  96.4
7                       63549  1.3  97.7
8                       40518  0.8  98.6
9                       25207  0.5  99.1
10                      16328  0.3  99.4
11                      10197  0.2  99.6
12                       6471  0.1  99.8
13                       4067  0.1  99.9
14                       2723  0.1  99.9
15                       1614  0.0  99.9
16                       1089  0.0 100.0
17                        710  0.0 100.0
18                        459  0.0 100.0
19                        243  0.0 100.0
20                        154  0.0 100.0
21                        121  0.0 100.0
22                         70  0.0 100.0
23                         42  0.0 100.0
24                         33  0.0 100.0
25                         19  0.0 100.0
26                         13  0.0 100.0
27                         12  0.0 100.0
28                          2  0.0 100.0
29                          3  0.0 100.0
30                          1  0.0 100.0
31                          2  0.0 100.0
32                          1  0.0 100.0
33                          2  0.0 100.0
38                          1  0.0 100.0
40                          1  0.0 100.0

#data all_row_run_data=>[qw(1 2 3 4 5 6 7 8 9 10 11 12 13 14 15 16 17 18 19 20 21 22 23 24 25 26 27 28 29 30 31 32 33 38 40)],
#data all_row_run_frequency=>[0.622,0.167,0.077,0.048,0.030,0.020,0.013,0.008,0.005,0.003,0.002,0.001,0.001,0.001,0.000,0.000,0.000,0.000,0.000,0.000,0.000,0.000,0.000,0.000,0.000,0.000,0.000,0.000,0.000,0.000,0.000,0.000,0.000,0.000,0.000],
#data all_row_run_cumulative=>[0.622,0.789,0.867,0.915,0.944,0.964,0.977,0.986,0.991,0.994,0.996,0.998,0.999,0.999,0.999,1.000,1.000,1.000,1.000,1.000,1.000,1.000,1.000,1.000,1.000,1.000,1.000,1.000,1.000,1.000,1.000,1.000,1.000,1.000,1.000],

keyboard finger run length
------------------------------------------------------------
1                     7692112 89.5  89.5
2                      816392  9.5  99.0
3                       73142  0.9  99.9
4                        8493  0.1 100.0
5                        1016  0.0 100.0
6                         223  0.0 100.0
7                         125  0.0 100.0
8                           7  0.0 100.0
9                           8  0.0 100.0
11                          3  0.0 100.0
12                          1  0.0 100.0
13                          1  0.0 100.0
20                          1  0.0 100.0

#data finger_run_data=>[qw(1 2 3 4 5 6 7 8 9 11 12 13 20)],
#data finger_run_frequency=>[0.895,0.095,0.009,0.001,0.000,0.000,0.000,0.000,0.000,0.000,0.000,0.000,0.000],
#data finger_run_cumulative=>[0.895,0.990,0.999,1.000,1.000,1.000,1.000,1.000,1.000,1.000,1.000,1.000,1.000],

keyboard same-hand row jump length
------------------------------------------------------------
1                     5642596 77.3  77.3
2                     1096808 15.0  92.4
3                      387523  5.3  97.7
4                      115590  1.6  99.3
5                       35454  0.5  99.8
6                       11917  0.2  99.9
7                        3481  0.0 100.0
8                        1139  0.0 100.0
9                         520  0.0 100.0
10                        136  0.0 100.0
11                         40  0.0 100.0
12                         13  0.0 100.0
13                          5  0.0 100.0
14                         10  0.0 100.0
16                          1  0.0 100.0
17                          1  0.0 100.0
25                          1  0.0 100.0

#data row_jump_data=>[qw(1 2 3 4 5 6 7 8 9 10 11 12 13 14 16 17 25)],
#data row_jump_frequency=>[0.773,0.150,0.053,0.016,0.005,0.002,0.000,0.000,0.000,0.000,0.000,0.000,0.000,0.000,0.000,0.000,0.000],
#data row_jump_cumulative=>[0.773,0.924,0.977,0.993,0.998,0.999,1.000,1.000,1.000,1.000,1.000,1.000,1.000,1.000,1.000,1.000,1.000],

corpus character frequency
------------------------------------------------------------
e                     1189270 12.4  12.4
t                      857621  8.9  21.4
a                      772047  8.1  29.4
o                      743158  7.8  37.2
i                      664716  6.9  44.1
n                      659446  6.9  51.0
h                      601534  6.3  57.2
s                      600522  6.3  63.5
r                      551354  5.8  69.3
d                      428936  4.5  73.7
l                      395151  4.1  77.9
u                      278222  2.9  80.8
m                      257890  2.7  83.5
w                      230357  2.4  85.9
c                      228885  2.4  88.2
f                      208786  2.2  90.4
y                      202083  2.1  92.5
g                      192882  2.0  94.5
p                      158583  1.7  96.2
b                      149480  1.6  97.8
v                       91308  1.0  98.7
k                       78419  0.8  99.5
j                       14421  0.2  99.7
x                       14308  0.1  99.8
q                       10285  0.1  99.9
z                        6129  0.1 100.0

#data character_frequency_data=>[qw(e t a o i n h s r d l u m w c f y g p b v k j x q z)],
#data character_frequency_frequency=>[0.124,0.089,0.081,0.078,0.069,0.069,0.063,0.063,0.058,0.045,0.041,0.029,0.027,0.024,0.024,0.022,0.021,0.020,0.017,0.016,0.010,0.008,0.002,0.001,0.001,0.001],
#data character_frequency_cumulative=>[0.124,0.214,0.294,0.372,0.441,0.510,0.572,0.635,0.693,0.737,0.779,0.808,0.835,0.859,0.882,0.904,0.925,0.945,0.962,0.978,0.987,0.995,0.997,0.998,0.999,1.000],

