Keyboard effort
------------------------------------------------------------
k1                      0.746  80.0  80.0
k1,k2                   0.911  17.7  97.7
k1,k2,k3                0.932   2.3 100.0
b                       0.427  24.2  24.2
p                       0.505  28.7 184.5
ph                      0.000   0.0   0.0
pr                      0.175  34.7  34.7
pf                      0.285  56.4  91.1
s                       0.829  47.1 100.0
all                     1.761 100.0 100.0

#data effort_k1=>[0.746,80.043,80.043],
#data effort_k12=>[0.911,17.681,97.724],
#data effort_k123=>[0.932,2.276,100.000],
#data effort_base=>[0.427,24.234,24.234],
#data effort_penalty=>[0.505,28.674,184.518],
#data effort_penalty_hand=>[0.000,0.000,0.000],
#data effort_penalty_row=>[0.175,34.701,34.701],
#data effort_penalty_finger=>[0.285,56.407,91.109],
#data effort_path=>[0.829,47.092,100.000],
#data effort_all=>[1.761,100.000,100.000],

keyboard row frequency
------------------------------------------------------------
1                     2339991 25.6  25.6
2                     6209824 67.9  93.4
3                      601350  6.6 100.0

#data row_data=>[qw(1 2 3)],
#data row_frequency=>[0.256,0.679,0.066],
#data row_cumulative=>[0.256,0.934,1.000],

keyboard hand frequency
------------------------------------------------------------
0                     4709821 51.5  51.5
1                     4441344 48.5 100.0

#data hand_data=>[qw(0 1)],
#data hand_frequency=>[0.515,0.485],
#data hand_cumulative=>[0.515,1.000],

keyboard finger frequency
------------------------------------------------------------
0                      415916  4.5   4.5
1                      805304  8.8  13.3
2                     1217119 13.3  26.6
3                     2271482 24.8  51.5
6                     2110820 23.1  74.5
7                     1384856 15.1  89.7
8                      789794  8.6  98.3
9                      155874  1.7 100.0

#data finger_data=>[qw(0 1 2 3 6 7 8 9)],
#data finger_frequency=>[0.045,0.088,0.133,0.248,0.231,0.151,0.086,0.017],
#data finger_cumulative=>[0.045,0.133,0.266,0.515,0.745,0.897,0.983,1.000],

keyboard left hand run length
------------------------------------------------------------
1                     1387432 51.7  51.7
2                      784746 29.3  81.0
3                      266933 10.0  90.9
4                      129973  4.8  95.8
5                       63259  2.4  98.1
6                       28940  1.1  99.2
7                       12328  0.5  99.7
8                        5058  0.2  99.9
9                        2296  0.1  99.9
10                        973  0.0 100.0
11                        369  0.0 100.0
12                        145  0.0 100.0
13                         72  0.0 100.0
14                         29  0.0 100.0
15                         15  0.0 100.0
16                          4  0.0 100.0
17                          3  0.0 100.0
18                          1  0.0 100.0
19                          1  0.0 100.0
21                          1  0.0 100.0
23                          1  0.0 100.0
28                          1  0.0 100.0

#data left_hand_run_data=>[qw(1 2 3 4 5 6 7 8 9 10 11 12 13 14 15 16 17 18 19 21 23 28)],
#data left_hand_run_frequency=>[0.517,0.293,0.100,0.048,0.024,0.011,0.005,0.002,0.001,0.000,0.000,0.000,0.000,0.000,0.000,0.000,0.000,0.000,0.000,0.000,0.000,0.000],
#data left_hand_run_cumulative=>[0.517,0.810,0.909,0.958,0.981,0.992,0.997,0.999,0.999,1.000,1.000,1.000,1.000,1.000,1.000,1.000,1.000,1.000,1.000,1.000,1.000,1.000],

keyboard right hand run length
------------------------------------------------------------
1                     1499812 55.9  55.9
2                      706699 26.3  82.3
3                      286619 10.7  92.9
4                      115051  4.3  97.2
5                       45816  1.7  98.9
6                       16803  0.6  99.6
7                        7248  0.3  99.8
8                        2709  0.1  99.9
9                        1093  0.0 100.0
10                        391  0.0 100.0
11                        172  0.0 100.0
12                         84  0.0 100.0
13                         35  0.0 100.0
14                         12  0.0 100.0
15                         13  0.0 100.0
16                          9  0.0 100.0
17                          5  0.0 100.0
18                          2  0.0 100.0
19                          2  0.0 100.0
20                          1  0.0 100.0
21                          1  0.0 100.0
22                          1  0.0 100.0
24                          1  0.0 100.0
31                          1  0.0 100.0
36                          1  0.0 100.0

#data right_hand_run_data=>[qw(1 2 3 4 5 6 7 8 9 10 11 12 13 14 15 16 17 18 19 20 21 22 24 31 36)],
#data right_hand_run_frequency=>[0.559,0.263,0.107,0.043,0.017,0.006,0.003,0.001,0.000,0.000,0.000,0.000,0.000,0.000,0.000,0.000,0.000,0.000,0.000,0.000,0.000,0.000,0.000,0.000,0.000],
#data right_hand_run_cumulative=>[0.559,0.823,0.929,0.972,0.989,0.996,0.998,0.999,1.000,1.000,1.000,1.000,1.000,1.000,1.000,1.000,1.000,1.000,1.000,1.000,1.000,1.000,1.000,1.000,1.000],

keyboard hand run length
------------------------------------------------------------
1                     2887244 53.8  53.8
2                     1491445 27.8  81.6
3                      553552 10.3  91.9
4                      245024  4.6  96.5
5                      109075  2.0  98.5
6                       45743  0.9  99.4
7                       19576  0.4  99.7
8                        7767  0.1  99.9
9                        3389  0.1 100.0
10                       1364  0.0 100.0
11                        541  0.0 100.0
12                        229  0.0 100.0
13                        107  0.0 100.0
14                         41  0.0 100.0
15                         28  0.0 100.0
16                         13  0.0 100.0
17                          8  0.0 100.0
18                          3  0.0 100.0
19                          3  0.0 100.0
20                          1  0.0 100.0
21                          2  0.0 100.0
22                          1  0.0 100.0
23                          1  0.0 100.0
24                          1  0.0 100.0
28                          1  0.0 100.0
31                          1  0.0 100.0
36                          1  0.0 100.0

#data all_hand_run_data=>[qw(1 2 3 4 5 6 7 8 9 10 11 12 13 14 15 16 17 18 19 20 21 22 23 24 28 31 36)],
#data all_hand_run_frequency=>[0.538,0.278,0.103,0.046,0.020,0.009,0.004,0.001,0.001,0.000,0.000,0.000,0.000,0.000,0.000,0.000,0.000,0.000,0.000,0.000,0.000,0.000,0.000,0.000,0.000,0.000,0.000],
#data all_hand_run_cumulative=>[0.538,0.816,0.919,0.965,0.985,0.994,0.997,0.999,1.000,1.000,1.000,1.000,1.000,1.000,1.000,1.000,1.000,1.000,1.000,1.000,1.000,1.000,1.000,1.000,1.000,1.000,1.000],

keyboard top row run length
------------------------------------------------------------
1                     1283686 71.7  71.7
2                      396176 22.1  93.8
3                       84033  4.7  98.5
4                       20128  1.1  99.7
5                        4362  0.2  99.9
6                        1340  0.1 100.0
7                         387  0.0 100.0
8                          78  0.0 100.0
9                          20  0.0 100.0
10                          5  0.0 100.0
11                          2  0.0 100.0
12                          1  0.0 100.0
14                          1  0.0 100.0
15                          1  0.0 100.0
19                          1  0.0 100.0
20                          1  0.0 100.0
27                          1  0.0 100.0

#data t_row_run_data=>[qw(1 2 3 4 5 6 7 8 9 10 11 12 14 15 19 20 27)],
#data t_row_run_frequency=>[0.717,0.221,0.047,0.011,0.002,0.001,0.000,0.000,0.000,0.000,0.000,0.000,0.000,0.000,0.000,0.000,0.000],
#data t_row_run_cumulative=>[0.717,0.938,0.985,0.997,0.999,1.000,1.000,1.000,1.000,1.000,1.000,1.000,1.000,1.000,1.000,1.000,1.000],

keyboard home row run length
------------------------------------------------------------
1                      804307 36.6  36.6
2                      433127 19.7  56.3
3                      301734 13.7  70.0
4                      214997  9.8  79.8
5                      149527  6.8  86.6
6                       98134  4.5  91.1
7                       67002  3.0  94.1
8                       44611  2.0  96.2
9                       29109  1.3  97.5
10                      19425  0.9  98.4
11                      12638  0.6  98.9
12                       7918  0.4  99.3
13                       5215  0.2  99.5
14                       3538  0.2  99.7
15                       2228  0.1  99.8
16                       1480  0.1  99.9
17                       1011  0.0  99.9
18                        658  0.0  99.9
19                        409  0.0 100.0
20                        265  0.0 100.0
21                        194  0.0 100.0
22                        115  0.0 100.0
23                         76  0.0 100.0
24                         68  0.0 100.0
25                         36  0.0 100.0
26                         16  0.0 100.0
27                         14  0.0 100.0
28                          7  0.0 100.0
29                          8  0.0 100.0
30                          2  0.0 100.0
32                          3  0.0 100.0
33                          2  0.0 100.0
36                          1  0.0 100.0

#data h_row_run_data=>[qw(1 2 3 4 5 6 7 8 9 10 11 12 13 14 15 16 17 18 19 20 21 22 23 24 25 26 27 28 29 30 32 33 36)],
#data h_row_run_frequency=>[0.366,0.197,0.137,0.098,0.068,0.045,0.030,0.020,0.013,0.009,0.006,0.004,0.002,0.002,0.001,0.001,0.000,0.000,0.000,0.000,0.000,0.000,0.000,0.000,0.000,0.000,0.000,0.000,0.000,0.000,0.000,0.000,0.000],
#data h_row_run_cumulative=>[0.366,0.563,0.700,0.798,0.866,0.911,0.941,0.962,0.975,0.984,0.989,0.993,0.995,0.997,0.998,0.999,0.999,0.999,1.000,1.000,1.000,1.000,1.000,1.000,1.000,1.000,1.000,1.000,1.000,1.000,1.000,1.000,1.000],

keyboard bottom row run length
------------------------------------------------------------
1                      565450 94.9  94.9
2                       29568  5.0  99.9
3                         559  0.1 100.0
4                          12  0.0 100.0
5                           1  0.0 100.0
9                           4  0.0 100.0

#data b_row_run_data=>[qw(1 2 3 4 5 9)],
#data b_row_run_frequency=>[0.949,0.050,0.001,0.000,0.000,0.000],
#data b_row_run_cumulative=>[0.949,0.999,1.000,1.000,1.000,1.000],

keyboard row run length
------------------------------------------------------------
1                     2653443 57.9  57.9
2                      858871 18.7  76.6
3                      386326  8.4  85.1
4                      235137  5.1  90.2
5                      153890  3.4  93.5
6                       99474  2.2  95.7
7                       67389  1.5  97.2
8                       44689  1.0  98.2
9                       29133  0.6  98.8
10                      19430  0.4  99.2
11                      12640  0.3  99.5
12                       7919  0.2  99.7
13                       5215  0.1  99.8
14                       3539  0.1  99.9
15                       2229  0.0  99.9
16                       1480  0.0  99.9
17                       1011  0.0 100.0
18                        658  0.0 100.0
19                        410  0.0 100.0
20                        266  0.0 100.0
21                        194  0.0 100.0
22                        115  0.0 100.0
23                         76  0.0 100.0
24                         68  0.0 100.0
25                         36  0.0 100.0
26                         16  0.0 100.0
27                         15  0.0 100.0
28                          7  0.0 100.0
29                          8  0.0 100.0
30                          2  0.0 100.0
32                          3  0.0 100.0
33                          2  0.0 100.0
36                          1  0.0 100.0

#data all_row_run_data=>[qw(1 2 3 4 5 6 7 8 9 10 11 12 13 14 15 16 17 18 19 20 21 22 23 24 25 26 27 28 29 30 32 33 36)],
#data all_row_run_frequency=>[0.579,0.187,0.084,0.051,0.034,0.022,0.015,0.010,0.006,0.004,0.003,0.002,0.001,0.001,0.000,0.000,0.000,0.000,0.000,0.000,0.000,0.000,0.000,0.000,0.000,0.000,0.000,0.000,0.000,0.000,0.000,0.000,0.000],
#data all_row_run_cumulative=>[0.579,0.766,0.851,0.902,0.935,0.957,0.972,0.982,0.988,0.992,0.995,0.997,0.998,0.999,0.999,0.999,1.000,1.000,1.000,1.000,1.000,1.000,1.000,1.000,1.000,1.000,1.000,1.000,1.000,1.000,1.000,1.000,1.000],

keyboard finger run length
------------------------------------------------------------
1                     7486861 88.4  88.4
2                      882721 10.4  98.8
3                       86469  1.0  99.8
4                       14270  0.2 100.0
5                        2477  0.0 100.0
6                         569  0.0 100.0
7                          85  0.0 100.0
8                          29  0.0 100.0
9                          12  0.0 100.0
10                          3  0.0 100.0
11                          1  0.0 100.0
12                          5  0.0 100.0
13                          2  0.0 100.0
15                          5  0.0 100.0
20                          1  0.0 100.0
21                          1  0.0 100.0
26                          1  0.0 100.0

#data finger_run_data=>[qw(1 2 3 4 5 6 7 8 9 10 11 12 13 15 20 21 26)],
#data finger_run_frequency=>[0.884,0.104,0.010,0.002,0.000,0.000,0.000,0.000,0.000,0.000,0.000,0.000,0.000,0.000,0.000,0.000,0.000],
#data finger_run_cumulative=>[0.884,0.988,0.998,1.000,1.000,1.000,1.000,1.000,1.000,1.000,1.000,1.000,1.000,1.000,1.000,1.000,1.000],

keyboard same-hand row jump length
------------------------------------------------------------
1                     6154560 80.6  80.6
2                     1089845 14.3  94.9
3                      274096  3.6  98.5
4                       77579  1.0  99.5
5                       30279  0.4  99.9
6                        6032  0.1 100.0
7                        1814  0.0 100.0
8                         479  0.0 100.0
9                         105  0.0 100.0
10                         30  0.0 100.0
11                          5  0.0 100.0
12                          1  0.0 100.0
13                          2  0.0 100.0
24                          1  0.0 100.0

#data row_jump_data=>[qw(1 2 3 4 5 6 7 8 9 10 11 12 13 24)],
#data row_jump_frequency=>[0.806,0.143,0.036,0.010,0.004,0.001,0.000,0.000,0.000,0.000,0.000,0.000,0.000,0.000],
#data row_jump_cumulative=>[0.806,0.949,0.985,0.995,0.999,1.000,1.000,1.000,1.000,1.000,1.000,1.000,1.000,1.000],

corpus character frequency
------------------------------------------------------------
e                     1189270 12.4  12.4
t                      857621  8.9  21.4
a                      772047  8.1  29.4
o                      743158  7.8  37.2
i                      664716  6.9  44.1
n                      659446  6.9  51.0
h                      601534  6.3  57.2
s                      600522  6.3  63.5
r                      551354  5.8  69.3
d                      428936  4.5  73.7
l                      395151  4.1  77.9
u                      278222  2.9  80.8
m                      257890  2.7  83.5
w                      230357  2.4  85.9
c                      228885  2.4  88.2
f                      208786  2.2  90.4
y                      202083  2.1  92.5
g                      192882  2.0  94.5
p                      158583  1.7  96.2
b                      149480  1.6  97.8
v                       91308  1.0  98.7
k                       78419  0.8  99.5
j                       14421  0.2  99.7
x                       14308  0.1  99.8
q                       10285  0.1  99.9
z                        6129  0.1 100.0

#data character_frequency_data=>[qw(e t a o i n h s r d l u m w c f y g p b v k j x q z)],
#data character_frequency_frequency=>[0.124,0.089,0.081,0.078,0.069,0.069,0.063,0.063,0.058,0.045,0.041,0.029,0.027,0.024,0.024,0.022,0.021,0.020,0.017,0.016,0.010,0.008,0.002,0.001,0.001,0.001],
#data character_frequency_cumulative=>[0.124,0.214,0.294,0.372,0.441,0.510,0.572,0.635,0.693,0.737,0.779,0.808,0.835,0.859,0.882,0.904,0.925,0.945,0.962,0.978,0.987,0.995,0.997,0.998,0.999,1.000],

