Keyboard effort
------------------------------------------------------------
k1                      1.072  68.5  68.5
k1,k2                   1.469  25.3  93.9
k1,k2,k3                1.565   6.1 100.0
b                       0.386  15.5  15.5
p                       1.179  47.4 132.8
ph                      0.000   0.0   0.0
pr                      0.295  25.0  25.0
pf                      0.651  55.3  80.3
s                       0.921  37.0 100.0
all                     2.485 100.0 100.0

#data effort_k1=>[1.072,68.513,68.513],
#data effort_k12=>[1.469,25.340,93.853],
#data effort_k123=>[1.565,6.147,100.000],
#data effort_base=>[0.386,15.544,15.544],
#data effort_penalty=>[1.179,47.420,132.779],
#data effort_penalty_hand=>[0.000,0.000,0.000],
#data effort_penalty_row=>[0.295,25.015,25.015],
#data effort_penalty_finger=>[0.651,55.268,80.283],
#data effort_path=>[0.921,37.036,100.000],
#data effort_all=>[2.485,100.000,100.000],

keyboard row frequency
------------------------------------------------------------
1                     1402439 15.3  15.3
2                     5569300 60.9  76.2
3                     2179426 23.8 100.0

#data row_data=>[qw(1 2 3)],
#data row_frequency=>[0.153,0.609,0.238],
#data row_cumulative=>[0.153,0.762,1.000],

keyboard hand frequency
------------------------------------------------------------
0                     5107321 55.8  55.8
1                     4043844 44.2 100.0

#data hand_data=>[qw(0 1)],
#data hand_frequency=>[0.558,0.442],
#data hand_cumulative=>[0.558,1.000],

keyboard finger frequency
------------------------------------------------------------
0                     1538425 16.8  16.8
1                      932549 10.2  27.0
2                     1239397 13.5  40.5
3                     1396950 15.3  55.8
6                     1939637 21.2  77.0
7                      788274  8.6  85.6
8                     1129746 12.3  98.0
9                      186187  2.0 100.0

#data finger_data=>[qw(0 1 2 3 6 7 8 9)],
#data finger_frequency=>[0.168,0.102,0.135,0.153,0.212,0.086,0.123,0.020],
#data finger_cumulative=>[0.168,0.270,0.405,0.558,0.770,0.856,0.980,1.000],

keyboard left hand run length
------------------------------------------------------------
1                     1015253 42.4  42.4
2                      658863 27.5  69.9
3                      333279 13.9  83.8
4                      192188  8.0  91.8
5                       95127  4.0  95.8
6                       47023  2.0  97.7
7                       24868  1.0  98.8
8                       14105  0.6  99.3
9                        7098  0.3  99.6
10                       4016  0.2  99.8
11                       2085  0.1  99.9
12                       1120  0.0  99.9
13                        669  0.0 100.0
14                        362  0.0 100.0
15                        191  0.0 100.0
16                        102  0.0 100.0
17                         53  0.0 100.0
18                         38  0.0 100.0
19                         19  0.0 100.0
20                         15  0.0 100.0
21                          6  0.0 100.0
22                          8  0.0 100.0
23                          2  0.0 100.0
24                          3  0.0 100.0
26                          1  0.0 100.0

#data left_hand_run_data=>[qw(1 2 3 4 5 6 7 8 9 10 11 12 13 14 15 16 17 18 19 20 21 22 23 24 26)],
#data left_hand_run_frequency=>[0.424,0.275,0.139,0.080,0.040,0.020,0.010,0.006,0.003,0.002,0.001,0.000,0.000,0.000,0.000,0.000,0.000,0.000,0.000,0.000,0.000,0.000,0.000,0.000,0.000],
#data left_hand_run_cumulative=>[0.424,0.699,0.838,0.918,0.958,0.977,0.988,0.993,0.996,0.998,0.999,0.999,1.000,1.000,1.000,1.000,1.000,1.000,1.000,1.000,1.000,1.000,1.000,1.000,1.000],

keyboard right hand run length
------------------------------------------------------------
1                     1279104 53.4  53.4
2                      671682 28.0  81.4
3                      265274 11.1  92.5
4                      104854  4.4  96.8
5                       41434  1.7  98.6
6                       17983  0.8  99.3
7                        9219  0.4  99.7
8                        3879  0.2  99.9
9                        1787  0.1  99.9
10                        727  0.0 100.0
11                        327  0.0 100.0
12                        124  0.0 100.0
13                         51  0.0 100.0
14                         36  0.0 100.0
15                          6  0.0 100.0
16                          2  0.0 100.0
17                          1  0.0 100.0
18                          1  0.0 100.0
19                          1  0.0 100.0
22                          1  0.0 100.0
23                          1  0.0 100.0

#data right_hand_run_data=>[qw(1 2 3 4 5 6 7 8 9 10 11 12 13 14 15 16 17 18 19 22 23)],
#data right_hand_run_frequency=>[0.534,0.280,0.111,0.044,0.017,0.008,0.004,0.002,0.001,0.000,0.000,0.000,0.000,0.000,0.000,0.000,0.000,0.000,0.000,0.000,0.000],
#data right_hand_run_cumulative=>[0.534,0.814,0.925,0.968,0.986,0.993,0.997,0.999,0.999,1.000,1.000,1.000,1.000,1.000,1.000,1.000,1.000,1.000,1.000,1.000,1.000],

keyboard hand run length
------------------------------------------------------------
1                     2294357 47.9  47.9
2                     1330545 27.8  75.6
3                      598553 12.5  88.1
4                      297042  6.2  94.3
5                      136561  2.8  97.2
6                       65006  1.4  98.5
7                       34087  0.7  99.2
8                       17984  0.4  99.6
9                        8885  0.2  99.8
10                       4743  0.1  99.9
11                       2412  0.1  99.9
12                       1244  0.0 100.0
13                        720  0.0 100.0
14                        398  0.0 100.0
15                        197  0.0 100.0
16                        104  0.0 100.0
17                         54  0.0 100.0
18                         39  0.0 100.0
19                         20  0.0 100.0
20                         15  0.0 100.0
21                          6  0.0 100.0
22                          9  0.0 100.0
23                          3  0.0 100.0
24                          3  0.0 100.0
26                          1  0.0 100.0

#data all_hand_run_data=>[qw(1 2 3 4 5 6 7 8 9 10 11 12 13 14 15 16 17 18 19 20 21 22 23 24 26)],
#data all_hand_run_frequency=>[0.479,0.278,0.125,0.062,0.028,0.014,0.007,0.004,0.002,0.001,0.001,0.000,0.000,0.000,0.000,0.000,0.000,0.000,0.000,0.000,0.000,0.000,0.000,0.000,0.000],
#data all_hand_run_cumulative=>[0.479,0.756,0.881,0.943,0.972,0.985,0.992,0.996,0.998,0.999,0.999,1.000,1.000,1.000,1.000,1.000,1.000,1.000,1.000,1.000,1.000,1.000,1.000,1.000,1.000],

keyboard top row run length
------------------------------------------------------------
1                     1140632 87.8  87.8
2                      140901 10.8  98.7
3                       15125  1.2  99.8
4                        1849  0.1 100.0
5                         122  0.0 100.0
6                          26  0.0 100.0
8                           1  0.0 100.0
9                           4  0.0 100.0

#data t_row_run_data=>[qw(1 2 3 4 5 6 8 9)],
#data t_row_run_frequency=>[0.878,0.108,0.012,0.001,0.000,0.000,0.000,0.000],
#data t_row_run_cumulative=>[0.878,0.987,0.998,1.000,1.000,1.000,1.000,1.000],

keyboard home row run length
------------------------------------------------------------
1                     1289160 48.3  48.3
2                      604913 22.7  70.9
3                      332179 12.4  83.4
4                      197319  7.4  90.8
5                      104863  3.9  94.7
6                       62851  2.4  97.0
7                       34875  1.3  98.4
8                       19389  0.7  99.1
9                       10672  0.4  99.5
10                       6164  0.2  99.7
11                       3520  0.1  99.8
12                       1861  0.1  99.9
13                       1026  0.0  99.9
14                        619  0.0 100.0
15                        331  0.0 100.0
16                        176  0.0 100.0
17                        109  0.0 100.0
18                         62  0.0 100.0
19                         28  0.0 100.0
20                         17  0.0 100.0
21                          9  0.0 100.0
22                          4  0.0 100.0
23                          2  0.0 100.0
24                          1  0.0 100.0
25                          3  0.0 100.0

#data h_row_run_data=>[qw(1 2 3 4 5 6 7 8 9 10 11 12 13 14 15 16 17 18 19 20 21 22 23 24 25)],
#data h_row_run_frequency=>[0.483,0.227,0.124,0.074,0.039,0.024,0.013,0.007,0.004,0.002,0.001,0.001,0.000,0.000,0.000,0.000,0.000,0.000,0.000,0.000,0.000,0.000,0.000,0.000,0.000],
#data h_row_run_cumulative=>[0.483,0.709,0.834,0.908,0.947,0.970,0.984,0.991,0.995,0.997,0.998,0.999,0.999,1.000,1.000,1.000,1.000,1.000,1.000,1.000,1.000,1.000,1.000,1.000,1.000],

keyboard bottom row run length
------------------------------------------------------------
1                     1576792 83.0  83.0
2                      284566 15.0  97.9
3                       32463  1.7  99.6
4                        5795  0.3  99.9
5                         840  0.0 100.0
6                         126  0.0 100.0
7                           6  0.0 100.0
8                           4  0.0 100.0
10                          1  0.0 100.0

#data b_row_run_data=>[qw(1 2 3 4 5 6 7 8 10)],
#data b_row_run_frequency=>[0.830,0.150,0.017,0.003,0.000,0.000,0.000,0.000,0.000],
#data b_row_run_cumulative=>[0.830,0.979,0.996,0.999,1.000,1.000,1.000,1.000,1.000],

keyboard row run length
------------------------------------------------------------
1                     4006584 68.3  68.3
2                     1030380 17.6  85.8
3                      379767  6.5  92.3
4                      204963  3.5  95.8
5                      105825  1.8  97.6
6                       63003  1.1  98.7
7                       34881  0.6  99.3
8                       19394  0.3  99.6
9                       10676  0.2  99.8
10                       6165  0.1  99.9
11                       3520  0.1  99.9
12                       1861  0.0 100.0
13                       1026  0.0 100.0
14                        619  0.0 100.0
15                        331  0.0 100.0
16                        176  0.0 100.0
17                        109  0.0 100.0
18                         62  0.0 100.0
19                         28  0.0 100.0
20                         17  0.0 100.0
21                          9  0.0 100.0
22                          4  0.0 100.0
23                          2  0.0 100.0
24                          1  0.0 100.0
25                          3  0.0 100.0

#data all_row_run_data=>[qw(1 2 3 4 5 6 7 8 9 10 11 12 13 14 15 16 17 18 19 20 21 22 23 24 25)],
#data all_row_run_frequency=>[0.683,0.176,0.065,0.035,0.018,0.011,0.006,0.003,0.002,0.001,0.001,0.000,0.000,0.000,0.000,0.000,0.000,0.000,0.000,0.000,0.000,0.000,0.000,0.000,0.000],
#data all_row_run_cumulative=>[0.683,0.858,0.923,0.958,0.976,0.987,0.993,0.996,0.998,0.999,0.999,1.000,1.000,1.000,1.000,1.000,1.000,1.000,1.000,1.000,1.000,1.000,1.000,1.000,1.000],

keyboard finger run length
------------------------------------------------------------
1                     7512485 88.6  88.6
2                      834168  9.8  98.5
3                      114815  1.4  99.8
4                       13132  0.2 100.0
5                        1260  0.0 100.0
6                         201  0.0 100.0
7                          30  0.0 100.0
8                           7  0.0 100.0
9                           3  0.0 100.0
10                          1  0.0 100.0
11                          8  0.0 100.0
12                          5  0.0 100.0
20                          1  0.0 100.0
22                          1  0.0 100.0

#data finger_run_data=>[qw(1 2 3 4 5 6 7 8 9 10 11 12 20 22)],
#data finger_run_frequency=>[0.886,0.098,0.014,0.002,0.000,0.000,0.000,0.000,0.000,0.000,0.000,0.000,0.000,0.000],
#data finger_run_cumulative=>[0.886,0.985,0.998,1.000,1.000,1.000,1.000,1.000,1.000,1.000,1.000,1.000,1.000,1.000],

keyboard same-hand row jump length
------------------------------------------------------------
1                     4328415 67.1  67.1
2                     1353398 21.0  88.1
3                      462592  7.2  95.3
4                      192799  3.0  98.3
5                       69815  1.1  99.4
6                       23977  0.4  99.7
7                       12144  0.2  99.9
8                        3062  0.0 100.0
9                        1379  0.0 100.0
10                        463  0.0 100.0
11                        197  0.0 100.0
12                         45  0.0 100.0
13                         36  0.0 100.0
14                         13  0.0 100.0
15                          3  0.0 100.0
16                          2  0.0 100.0
18                          1  0.0 100.0
19                          1  0.0 100.0

#data row_jump_data=>[qw(1 2 3 4 5 6 7 8 9 10 11 12 13 14 15 16 18 19)],
#data row_jump_frequency=>[0.671,0.210,0.072,0.030,0.011,0.004,0.002,0.000,0.000,0.000,0.000,0.000,0.000,0.000,0.000,0.000,0.000,0.000],
#data row_jump_cumulative=>[0.671,0.881,0.953,0.983,0.994,0.997,0.999,1.000,1.000,1.000,1.000,1.000,1.000,1.000,1.000,1.000,1.000,1.000],

corpus character frequency
------------------------------------------------------------
e                     1189270 12.4  12.4
t                      857621  8.9  21.4
a                      772047  8.1  29.4
o                      743158  7.8  37.2
i                      664716  6.9  44.1
n                      659446  6.9  51.0
h                      601534  6.3  57.2
s                      600522  6.3  63.5
r                      551354  5.8  69.3
d                      428936  4.5  73.7
l                      395151  4.1  77.9
u                      278222  2.9  80.8
m                      257890  2.7  83.5
w                      230357  2.4  85.9
c                      228885  2.4  88.2
f                      208786  2.2  90.4
y                      202083  2.1  92.5
g                      192882  2.0  94.5
p                      158583  1.7  96.2
b                      149480  1.6  97.8
v                       91308  1.0  98.7
k                       78419  0.8  99.5
j                       14421  0.2  99.7
x                       14308  0.1  99.8
q                       10285  0.1  99.9
z                        6129  0.1 100.0

#data character_frequency_data=>[qw(e t a o i n h s r d l u m w c f y g p b v k j x q z)],
#data character_frequency_frequency=>[0.124,0.089,0.081,0.078,0.069,0.069,0.063,0.063,0.058,0.045,0.041,0.029,0.027,0.024,0.024,0.022,0.021,0.020,0.017,0.016,0.010,0.008,0.002,0.001,0.001,0.001],
#data character_frequency_cumulative=>[0.124,0.214,0.294,0.372,0.441,0.510,0.572,0.635,0.693,0.737,0.779,0.808,0.835,0.859,0.882,0.904,0.925,0.945,0.962,0.978,0.987,0.995,0.997,0.998,0.999,1.000],

