Keyboard effort
------------------------------------------------------------
k1                      0.755  79.7  79.7
k1,k2                   0.926  18.0  97.6
k1,k2,k3                0.948   2.4 100.0
b                       0.440  24.3  24.3
p                       0.508  28.0 186.7
ph                      0.000   0.0   0.0
pr                      0.191  37.7  37.7
pf                      0.270  53.2  90.9
s                       0.866  47.7 100.0
all                     1.814 100.0 100.0

#data effort_k1=>[0.755,79.671,79.671],
#data effort_k12=>[0.926,17.960,97.630],
#data effort_k123=>[0.948,2.370,100.000],
#data effort_base=>[0.440,24.269,24.269],
#data effort_penalty=>[0.508,28.000,186.677],
#data effort_penalty_hand=>[0.000,0.000,0.000],
#data effort_penalty_row=>[0.191,37.668,37.668],
#data effort_penalty_finger=>[0.270,53.223,90.891],
#data effort_path=>[0.866,47.731,100.000],
#data effort_all=>[1.814,100.000,100.000],

keyboard row frequency
------------------------------------------------------------
1                     2035482 22.2  22.2
2                     6209824 67.9  90.1
3                      905859  9.9 100.0

#data row_data=>[qw(1 2 3)],
#data row_frequency=>[0.222,0.679,0.099],
#data row_cumulative=>[0.222,0.901,1.000],

keyboard hand frequency
------------------------------------------------------------
0                     4670248 51.0  51.0
1                     4480917 49.0 100.0

#data hand_data=>[qw(0 1)],
#data hand_frequency=>[0.510,0.490],
#data hand_cumulative=>[0.510,1.000],

keyboard finger frequency
------------------------------------------------------------
0                      415916  4.5   4.5
1                      805304  8.8  13.3
2                     1045078 11.4  24.8
3                     2403950 26.3  51.0
6                     2177148 23.8  74.8
7                     1490569 16.3  91.1
8                      657326  7.2  98.3
9                      155874  1.7 100.0

#data finger_data=>[qw(0 1 2 3 6 7 8 9)],
#data finger_frequency=>[0.045,0.088,0.114,0.263,0.238,0.163,0.072,0.017],
#data finger_cumulative=>[0.045,0.133,0.248,0.510,0.748,0.911,0.983,1.000],

keyboard left hand run length
------------------------------------------------------------
1                     1349527 51.0  51.0
2                      785331 29.7  80.6
3                      278963 10.5  91.2
4                      124770  4.7  95.9
5                       60926  2.3  98.2
6                       27805  1.1  99.2
7                       11729  0.4  99.7
8                        4717  0.2  99.8
9                        2303  0.1  99.9
10                       1010  0.0 100.0
11                        454  0.0 100.0
12                        160  0.0 100.0
13                        106  0.0 100.0
14                         38  0.0 100.0
15                         21  0.0 100.0
16                          9  0.0 100.0
17                          7  0.0 100.0
18                          5  0.0 100.0
19                          3  0.0 100.0
21                          1  0.0 100.0
28                          1  0.0 100.0

#data left_hand_run_data=>[qw(1 2 3 4 5 6 7 8 9 10 11 12 13 14 15 16 17 18 19 21 28)],
#data left_hand_run_frequency=>[0.510,0.297,0.105,0.047,0.023,0.011,0.004,0.002,0.001,0.000,0.000,0.000,0.000,0.000,0.000,0.000,0.000,0.000,0.000,0.000,0.000],
#data left_hand_run_cumulative=>[0.510,0.806,0.912,0.959,0.982,0.992,0.997,0.998,0.999,1.000,1.000,1.000,1.000,1.000,1.000,1.000,1.000,1.000,1.000,1.000,1.000],

keyboard right hand run length
------------------------------------------------------------
1                     1427932 53.9  53.9
2                      708665 26.8  80.7
3                      307665 11.6  92.3
4                      130478  4.9  97.2
5                       46710  1.8  99.0
6                       16678  0.6  99.6
7                        6291  0.2  99.9
8                        2177  0.1 100.0
9                         768  0.0 100.0
10                        297  0.0 100.0
11                        111  0.0 100.0
12                         58  0.0 100.0
13                         21  0.0 100.0
14                         12  0.0 100.0
15                         10  0.0 100.0
16                          5  0.0 100.0
17                          2  0.0 100.0
18                          1  0.0 100.0
19                          1  0.0 100.0
20                          1  0.0 100.0
22                          1  0.0 100.0
24                          1  0.0 100.0
28                          1  0.0 100.0
36                          1  0.0 100.0

#data right_hand_run_data=>[qw(1 2 3 4 5 6 7 8 9 10 11 12 13 14 15 16 17 18 19 20 22 24 28 36)],
#data right_hand_run_frequency=>[0.539,0.268,0.116,0.049,0.018,0.006,0.002,0.001,0.000,0.000,0.000,0.000,0.000,0.000,0.000,0.000,0.000,0.000,0.000,0.000,0.000,0.000,0.000,0.000],
#data right_hand_run_cumulative=>[0.539,0.807,0.923,0.972,0.990,0.996,0.999,1.000,1.000,1.000,1.000,1.000,1.000,1.000,1.000,1.000,1.000,1.000,1.000,1.000,1.000,1.000,1.000,1.000],

keyboard hand run length
------------------------------------------------------------
1                     2777459 52.4  52.4
2                     1493996 28.2  80.7
3                      586628 11.1  91.7
4                      255248  4.8  96.6
5                      107636  2.0  98.6
6                       44483  0.8  99.4
7                       18020  0.3  99.8
8                        6894  0.1  99.9
9                        3071  0.1 100.0
10                       1307  0.0 100.0
11                        565  0.0 100.0
12                        218  0.0 100.0
13                        127  0.0 100.0
14                         50  0.0 100.0
15                         31  0.0 100.0
16                         14  0.0 100.0
17                          9  0.0 100.0
18                          6  0.0 100.0
19                          4  0.0 100.0
20                          1  0.0 100.0
21                          1  0.0 100.0
22                          1  0.0 100.0
24                          1  0.0 100.0
28                          2  0.0 100.0
36                          1  0.0 100.0

#data all_hand_run_data=>[qw(1 2 3 4 5 6 7 8 9 10 11 12 13 14 15 16 17 18 19 20 21 22 24 28 36)],
#data all_hand_run_frequency=>[0.524,0.282,0.111,0.048,0.020,0.008,0.003,0.001,0.001,0.000,0.000,0.000,0.000,0.000,0.000,0.000,0.000,0.000,0.000,0.000,0.000,0.000,0.000,0.000,0.000],
#data all_hand_run_cumulative=>[0.524,0.807,0.917,0.966,0.986,0.994,0.998,0.999,1.000,1.000,1.000,1.000,1.000,1.000,1.000,1.000,1.000,1.000,1.000,1.000,1.000,1.000,1.000,1.000,1.000],

keyboard top row run length
------------------------------------------------------------
1                     1254161 76.1  76.1
2                      327574 19.9  95.9
3                       52875  3.2  99.2
4                       11112  0.7  99.8
5                        2088  0.1 100.0
6                         608  0.0 100.0
7                         136  0.0 100.0
8                          22  0.0 100.0
9                           4  0.0 100.0
12                          1  0.0 100.0
15                          1  0.0 100.0

#data t_row_run_data=>[qw(1 2 3 4 5 6 7 8 9 12 15)],
#data t_row_run_frequency=>[0.761,0.199,0.032,0.007,0.001,0.000,0.000,0.000,0.000,0.000,0.000],
#data t_row_run_cumulative=>[0.761,0.959,0.992,0.998,1.000,1.000,1.000,1.000,1.000,1.000,1.000],

keyboard home row run length
------------------------------------------------------------
1                      804307 36.6  36.6
2                      433127 19.7  56.3
3                      301734 13.7  70.0
4                      214997  9.8  79.8
5                      149527  6.8  86.6
6                       98134  4.5  91.1
7                       67002  3.0  94.1
8                       44611  2.0  96.2
9                       29109  1.3  97.5
10                      19425  0.9  98.4
11                      12638  0.6  98.9
12                       7918  0.4  99.3
13                       5215  0.2  99.5
14                       3538  0.2  99.7
15                       2228  0.1  99.8
16                       1480  0.1  99.9
17                       1011  0.0  99.9
18                        658  0.0  99.9
19                        409  0.0 100.0
20                        265  0.0 100.0
21                        194  0.0 100.0
22                        115  0.0 100.0
23                         76  0.0 100.0
24                         68  0.0 100.0
25                         36  0.0 100.0
26                         16  0.0 100.0
27                         14  0.0 100.0
28                          7  0.0 100.0
29                          8  0.0 100.0
30                          2  0.0 100.0
32                          3  0.0 100.0
33                          2  0.0 100.0
36                          1  0.0 100.0

#data h_row_run_data=>[qw(1 2 3 4 5 6 7 8 9 10 11 12 13 14 15 16 17 18 19 20 21 22 23 24 25 26 27 28 29 30 32 33 36)],
#data h_row_run_frequency=>[0.366,0.197,0.137,0.098,0.068,0.045,0.030,0.020,0.013,0.009,0.006,0.004,0.002,0.002,0.001,0.001,0.000,0.000,0.000,0.000,0.000,0.000,0.000,0.000,0.000,0.000,0.000,0.000,0.000,0.000,0.000,0.000,0.000],
#data h_row_run_cumulative=>[0.366,0.563,0.700,0.798,0.866,0.911,0.941,0.962,0.975,0.984,0.989,0.993,0.995,0.997,0.998,0.999,0.999,0.999,1.000,1.000,1.000,1.000,1.000,1.000,1.000,1.000,1.000,1.000,1.000,1.000,1.000,1.000,1.000],

keyboard bottom row run length
------------------------------------------------------------
1                      864132 95.8  95.8
2                       38019  4.2 100.0
3                         190  0.0 100.0
4                          24  0.0 100.0
5                           2  0.0 100.0
9                           4  0.0 100.0

#data b_row_run_data=>[qw(1 2 3 4 5 9)],
#data b_row_run_frequency=>[0.958,0.042,0.000,0.000,0.000,0.000],
#data b_row_run_cumulative=>[0.958,1.000,1.000,1.000,1.000,1.000],

keyboard row run length
------------------------------------------------------------
1                     2922600 61.5  61.5
2                      798720 16.8  78.4
3                      354799  7.5  85.8
4                      226133  4.8  90.6
5                      151617  3.2  93.8
6                       98742  2.1  95.9
7                       67138  1.4  97.3
8                       44633  0.9  98.2
9                       29117  0.6  98.8
10                      19425  0.4  99.2
11                      12638  0.3  99.5
12                       7919  0.2  99.7
13                       5215  0.1  99.8
14                       3538  0.1  99.9
15                       2229  0.0  99.9
16                       1480  0.0  99.9
17                       1011  0.0 100.0
18                        658  0.0 100.0
19                        409  0.0 100.0
20                        265  0.0 100.0
21                        194  0.0 100.0
22                        115  0.0 100.0
23                         76  0.0 100.0
24                         68  0.0 100.0
25                         36  0.0 100.0
26                         16  0.0 100.0
27                         14  0.0 100.0
28                          7  0.0 100.0
29                          8  0.0 100.0
30                          2  0.0 100.0
32                          3  0.0 100.0
33                          2  0.0 100.0
36                          1  0.0 100.0

#data all_row_run_data=>[qw(1 2 3 4 5 6 7 8 9 10 11 12 13 14 15 16 17 18 19 20 21 22 23 24 25 26 27 28 29 30 32 33 36)],
#data all_row_run_frequency=>[0.615,0.168,0.075,0.048,0.032,0.021,0.014,0.009,0.006,0.004,0.003,0.002,0.001,0.001,0.000,0.000,0.000,0.000,0.000,0.000,0.000,0.000,0.000,0.000,0.000,0.000,0.000,0.000,0.000,0.000,0.000,0.000,0.000],
#data all_row_run_cumulative=>[0.615,0.784,0.858,0.906,0.938,0.959,0.973,0.982,0.988,0.992,0.995,0.997,0.998,0.999,0.999,0.999,1.000,1.000,1.000,1.000,1.000,1.000,1.000,1.000,1.000,1.000,1.000,1.000,1.000,1.000,1.000,1.000,1.000],

keyboard finger run length
------------------------------------------------------------
1                     7101567 86.2  86.2
2                      964658 11.7  97.9
3                      135496  1.6  99.6
4                       24370  0.3  99.9
5                        8037  0.1 100.0
6                        1187  0.0 100.0
7                         317  0.0 100.0
8                         109  0.0 100.0
9                          35  0.0 100.0
10                          9  0.0 100.0
11                          2  0.0 100.0
12                          5  0.0 100.0
15                          1  0.0 100.0
20                          1  0.0 100.0
22                          1  0.0 100.0

#data finger_run_data=>[qw(1 2 3 4 5 6 7 8 9 10 11 12 15 20 22)],
#data finger_run_frequency=>[0.862,0.117,0.016,0.003,0.001,0.000,0.000,0.000,0.000,0.000,0.000,0.000,0.000,0.000,0.000],
#data finger_run_cumulative=>[0.862,0.979,0.996,0.999,1.000,1.000,1.000,1.000,1.000,1.000,1.000,1.000,1.000,1.000,1.000],

keyboard same-hand row jump length
------------------------------------------------------------
1                     5920972 79.1  79.1
2                     1088022 14.5  93.7
3                      320486  4.3  97.9
4                       99906  1.3  99.3
5                       39130  0.5  99.8
6                        9930  0.1  99.9
7                        3937  0.1 100.0
8                        1245  0.0 100.0
9                         342  0.0 100.0
10                        122  0.0 100.0
11                         49  0.0 100.0
12                         33  0.0 100.0
13                          7  0.0 100.0
17                          1  0.0 100.0
24                          1  0.0 100.0

#data row_jump_data=>[qw(1 2 3 4 5 6 7 8 9 10 11 12 13 17 24)],
#data row_jump_frequency=>[0.791,0.145,0.043,0.013,0.005,0.001,0.001,0.000,0.000,0.000,0.000,0.000,0.000,0.000,0.000],
#data row_jump_cumulative=>[0.791,0.937,0.979,0.993,0.998,0.999,1.000,1.000,1.000,1.000,1.000,1.000,1.000,1.000,1.000],

corpus character frequency
------------------------------------------------------------
e                     1189270 12.4  12.4
t                      857621  8.9  21.4
a                      772047  8.1  29.4
o                      743158  7.8  37.2
i                      664716  6.9  44.1
n                      659446  6.9  51.0
h                      601534  6.3  57.2
s                      600522  6.3  63.5
r                      551354  5.8  69.3
d                      428936  4.5  73.7
l                      395151  4.1  77.9
u                      278222  2.9  80.8
m                      257890  2.7  83.5
w                      230357  2.4  85.9
c                      228885  2.4  88.2
f                      208786  2.2  90.4
y                      202083  2.1  92.5
g                      192882  2.0  94.5
p                      158583  1.7  96.2
b                      149480  1.6  97.8
v                       91308  1.0  98.7
k                       78419  0.8  99.5
j                       14421  0.2  99.7
x                       14308  0.1  99.8
q                       10285  0.1  99.9
z                        6129  0.1 100.0

#data character_frequency_data=>[qw(e t a o i n h s r d l u m w c f y g p b v k j x q z)],
#data character_frequency_frequency=>[0.124,0.089,0.081,0.078,0.069,0.069,0.063,0.063,0.058,0.045,0.041,0.029,0.027,0.024,0.024,0.022,0.021,0.020,0.017,0.016,0.010,0.008,0.002,0.001,0.001,0.001],
#data character_frequency_cumulative=>[0.124,0.214,0.294,0.372,0.441,0.510,0.572,0.635,0.693,0.737,0.779,0.808,0.835,0.859,0.882,0.904,0.925,0.945,0.962,0.978,0.987,0.995,0.997,0.998,0.999,1.000],

