Keyboard effort
------------------------------------------------------------
k1                      0.748  80.2  80.2
k1,k2                   0.912  17.6  97.8
k1,k2,k3                0.933   2.2 100.0
b                       0.428  24.4  24.4
p                       0.505  28.8 184.7
ph                      0.000   0.0   0.0
pr                      0.175  34.7  34.7
pf                      0.285  56.4  91.1
s                       0.822  46.9 100.0
all                     1.755 100.0 100.0

#data effort_k1=>[0.748,80.217,80.217],
#data effort_k12=>[0.912,17.558,97.775],
#data effort_k123=>[0.933,2.225,100.000],
#data effort_base=>[0.428,24.371,24.371],
#data effort_penalty=>[0.505,28.774,184.696],
#data effort_penalty_hand=>[0.000,0.000,0.000],
#data effort_penalty_row=>[0.175,34.701,34.701],
#data effort_penalty_finger=>[0.285,56.407,91.109],
#data effort_path=>[0.822,46.855,100.000],
#data effort_all=>[1.755,100.000,100.000],

keyboard row frequency
------------------------------------------------------------
1                     2339991 25.6  25.6
2                     6209824 67.9  93.4
3                      601350  6.6 100.0

#data row_data=>[qw(1 2 3)],
#data row_frequency=>[0.256,0.679,0.066],
#data row_cumulative=>[0.256,0.934,1.000],

keyboard hand frequency
------------------------------------------------------------
0                     4649670 50.8  50.8
1                     4501495 49.2 100.0

#data hand_data=>[qw(0 1)],
#data hand_frequency=>[0.508,0.492],
#data hand_cumulative=>[0.508,1.000],

keyboard finger frequency
------------------------------------------------------------
0                      415916  4.5   4.5
1                      805304  8.8  13.3
2                     1156968 12.6  26.0
3                     2271482 24.8  50.8
6                     2170971 23.7  74.5
7                     1384856 15.1  89.7
8                      789794  8.6  98.3
9                      155874  1.7 100.0

#data finger_data=>[qw(0 1 2 3 6 7 8 9)],
#data finger_frequency=>[0.045,0.088,0.126,0.248,0.237,0.151,0.086,0.017],
#data finger_cumulative=>[0.045,0.133,0.260,0.508,0.745,0.897,0.983,1.000],

keyboard left hand run length
------------------------------------------------------------
1                     1326382 50.7  50.7
2                      777072 29.7  80.4
3                      267698 10.2  90.6
4                      127930  4.9  95.5
5                       64776  2.5  98.0
6                       29831  1.1  99.1
7                       13103  0.5  99.6
8                        5418  0.2  99.8
9                        2519  0.1  99.9
10                       1101  0.0 100.0
11                        449  0.0 100.0
12                        202  0.0 100.0
13                         87  0.0 100.0
14                         36  0.0 100.0
15                         19  0.0 100.0
16                          6  0.0 100.0
17                          3  0.0 100.0
19                          3  0.0 100.0
20                          1  0.0 100.0
28                          1  0.0 100.0

#data left_hand_run_data=>[qw(1 2 3 4 5 6 7 8 9 10 11 12 13 14 15 16 17 19 20 28)],
#data left_hand_run_frequency=>[0.507,0.297,0.102,0.049,0.025,0.011,0.005,0.002,0.001,0.000,0.000,0.000,0.000,0.000,0.000,0.000,0.000,0.000,0.000,0.000],
#data left_hand_run_cumulative=>[0.507,0.804,0.906,0.955,0.980,0.991,0.996,0.998,0.999,1.000,1.000,1.000,1.000,1.000,1.000,1.000,1.000,1.000,1.000,1.000],

keyboard right hand run length
------------------------------------------------------------
1                     1372347 52.4  52.4
2                      737062 28.2  80.6
3                      296659 11.3  92.0
4                      129970  5.0  96.9
5                       49722  1.9  98.8
6                       19173  0.7  99.6
7                        7351  0.3  99.8
8                        2734  0.1  99.9
9                         926  0.0 100.0
10                        365  0.0 100.0
11                        186  0.0 100.0
12                         71  0.0 100.0
13                         29  0.0 100.0
14                         11  0.0 100.0
15                         12  0.0 100.0
16                          5  0.0 100.0
17                          5  0.0 100.0
19                          2  0.0 100.0
20                          3  0.0 100.0
24                          2  0.0 100.0
29                          1  0.0 100.0
32                          1  0.0 100.0
36                          1  0.0 100.0

#data right_hand_run_data=>[qw(1 2 3 4 5 6 7 8 9 10 11 12 13 14 15 16 17 19 20 24 29 32 36)],
#data right_hand_run_frequency=>[0.524,0.282,0.113,0.050,0.019,0.007,0.003,0.001,0.000,0.000,0.000,0.000,0.000,0.000,0.000,0.000,0.000,0.000,0.000,0.000,0.000,0.000,0.000],
#data right_hand_run_cumulative=>[0.524,0.806,0.920,0.969,0.988,0.996,0.998,0.999,1.000,1.000,1.000,1.000,1.000,1.000,1.000,1.000,1.000,1.000,1.000,1.000,1.000,1.000,1.000],

keyboard hand run length
------------------------------------------------------------
1                     2698729 51.6  51.6
2                     1514134 28.9  80.5
3                      564357 10.8  91.3
4                      257900  4.9  96.2
5                      114498  2.2  98.4
6                       49004  0.9  99.3
7                       20454  0.4  99.7
8                        8152  0.2  99.9
9                        3445  0.1 100.0
10                       1466  0.0 100.0
11                        635  0.0 100.0
12                        273  0.0 100.0
13                        116  0.0 100.0
14                         47  0.0 100.0
15                         31  0.0 100.0
16                         11  0.0 100.0
17                          8  0.0 100.0
19                          5  0.0 100.0
20                          4  0.0 100.0
24                          2  0.0 100.0
28                          1  0.0 100.0
29                          1  0.0 100.0
32                          1  0.0 100.0
36                          1  0.0 100.0

#data all_hand_run_data=>[qw(1 2 3 4 5 6 7 8 9 10 11 12 13 14 15 16 17 19 20 24 28 29 32 36)],
#data all_hand_run_frequency=>[0.516,0.289,0.108,0.049,0.022,0.009,0.004,0.002,0.001,0.000,0.000,0.000,0.000,0.000,0.000,0.000,0.000,0.000,0.000,0.000,0.000,0.000,0.000,0.000],
#data all_hand_run_cumulative=>[0.516,0.805,0.913,0.962,0.984,0.993,0.997,0.999,1.000,1.000,1.000,1.000,1.000,1.000,1.000,1.000,1.000,1.000,1.000,1.000,1.000,1.000,1.000,1.000],

keyboard top row run length
------------------------------------------------------------
1                     1283686 71.7  71.7
2                      396176 22.1  93.8
3                       84033  4.7  98.5
4                       20128  1.1  99.7
5                        4362  0.2  99.9
6                        1340  0.1 100.0
7                         387  0.0 100.0
8                          78  0.0 100.0
9                          20  0.0 100.0
10                          5  0.0 100.0
11                          2  0.0 100.0
12                          1  0.0 100.0
14                          1  0.0 100.0
15                          1  0.0 100.0
19                          1  0.0 100.0
20                          1  0.0 100.0
27                          1  0.0 100.0

#data t_row_run_data=>[qw(1 2 3 4 5 6 7 8 9 10 11 12 14 15 19 20 27)],
#data t_row_run_frequency=>[0.717,0.221,0.047,0.011,0.002,0.001,0.000,0.000,0.000,0.000,0.000,0.000,0.000,0.000,0.000,0.000,0.000],
#data t_row_run_cumulative=>[0.717,0.938,0.985,0.997,0.999,1.000,1.000,1.000,1.000,1.000,1.000,1.000,1.000,1.000,1.000,1.000,1.000],

keyboard home row run length
------------------------------------------------------------
1                      804307 36.6  36.6
2                      433127 19.7  56.3
3                      301734 13.7  70.0
4                      214997  9.8  79.8
5                      149527  6.8  86.6
6                       98134  4.5  91.1
7                       67002  3.0  94.1
8                       44611  2.0  96.2
9                       29109  1.3  97.5
10                      19425  0.9  98.4
11                      12638  0.6  98.9
12                       7918  0.4  99.3
13                       5215  0.2  99.5
14                       3538  0.2  99.7
15                       2228  0.1  99.8
16                       1480  0.1  99.9
17                       1011  0.0  99.9
18                        658  0.0  99.9
19                        409  0.0 100.0
20                        265  0.0 100.0
21                        194  0.0 100.0
22                        115  0.0 100.0
23                         76  0.0 100.0
24                         68  0.0 100.0
25                         36  0.0 100.0
26                         16  0.0 100.0
27                         14  0.0 100.0
28                          7  0.0 100.0
29                          8  0.0 100.0
30                          2  0.0 100.0
32                          3  0.0 100.0
33                          2  0.0 100.0
36                          1  0.0 100.0

#data h_row_run_data=>[qw(1 2 3 4 5 6 7 8 9 10 11 12 13 14 15 16 17 18 19 20 21 22 23 24 25 26 27 28 29 30 32 33 36)],
#data h_row_run_frequency=>[0.366,0.197,0.137,0.098,0.068,0.045,0.030,0.020,0.013,0.009,0.006,0.004,0.002,0.002,0.001,0.001,0.000,0.000,0.000,0.000,0.000,0.000,0.000,0.000,0.000,0.000,0.000,0.000,0.000,0.000,0.000,0.000,0.000],
#data h_row_run_cumulative=>[0.366,0.563,0.700,0.798,0.866,0.911,0.941,0.962,0.975,0.984,0.989,0.993,0.995,0.997,0.998,0.999,0.999,0.999,1.000,1.000,1.000,1.000,1.000,1.000,1.000,1.000,1.000,1.000,1.000,1.000,1.000,1.000,1.000],

keyboard bottom row run length
------------------------------------------------------------
1                      565450 94.9  94.9
2                       29568  5.0  99.9
3                         559  0.1 100.0
4                          12  0.0 100.0
5                           1  0.0 100.0
9                           4  0.0 100.0

#data b_row_run_data=>[qw(1 2 3 4 5 9)],
#data b_row_run_frequency=>[0.949,0.050,0.001,0.000,0.000,0.000],
#data b_row_run_cumulative=>[0.949,0.999,1.000,1.000,1.000,1.000],

keyboard row run length
------------------------------------------------------------
1                     2653443 57.9  57.9
2                      858871 18.7  76.6
3                      386326  8.4  85.1
4                      235137  5.1  90.2
5                      153890  3.4  93.5
6                       99474  2.2  95.7
7                       67389  1.5  97.2
8                       44689  1.0  98.2
9                       29133  0.6  98.8
10                      19430  0.4  99.2
11                      12640  0.3  99.5
12                       7919  0.2  99.7
13                       5215  0.1  99.8
14                       3539  0.1  99.9
15                       2229  0.0  99.9
16                       1480  0.0  99.9
17                       1011  0.0 100.0
18                        658  0.0 100.0
19                        410  0.0 100.0
20                        266  0.0 100.0
21                        194  0.0 100.0
22                        115  0.0 100.0
23                         76  0.0 100.0
24                         68  0.0 100.0
25                         36  0.0 100.0
26                         16  0.0 100.0
27                         15  0.0 100.0
28                          7  0.0 100.0
29                          8  0.0 100.0
30                          2  0.0 100.0
32                          3  0.0 100.0
33                          2  0.0 100.0
36                          1  0.0 100.0

#data all_row_run_data=>[qw(1 2 3 4 5 6 7 8 9 10 11 12 13 14 15 16 17 18 19 20 21 22 23 24 25 26 27 28 29 30 32 33 36)],
#data all_row_run_frequency=>[0.579,0.187,0.084,0.051,0.034,0.022,0.015,0.010,0.006,0.004,0.003,0.002,0.001,0.001,0.000,0.000,0.000,0.000,0.000,0.000,0.000,0.000,0.000,0.000,0.000,0.000,0.000,0.000,0.000,0.000,0.000,0.000,0.000],
#data all_row_run_cumulative=>[0.579,0.766,0.851,0.902,0.935,0.957,0.972,0.982,0.988,0.992,0.995,0.997,0.998,0.999,0.999,0.999,1.000,1.000,1.000,1.000,1.000,1.000,1.000,1.000,1.000,1.000,1.000,1.000,1.000,1.000,1.000,1.000,1.000],

keyboard finger run length
------------------------------------------------------------
1                     7545110 88.7  88.7
2                      863268 10.1  98.8
3                       81793  1.0  99.8
4                       13417  0.2 100.0
5                        2302  0.0 100.0
6                         436  0.0 100.0
7                          59  0.0 100.0
8                          22  0.0 100.0
9                          13  0.0 100.0
10                          2  0.0 100.0
11                          2  0.0 100.0
12                          6  0.0 100.0
13                          1  0.0 100.0
15                          5  0.0 100.0
20                          1  0.0 100.0
22                          1  0.0 100.0
24                          1  0.0 100.0

#data finger_run_data=>[qw(1 2 3 4 5 6 7 8 9 10 11 12 13 15 20 22 24)],
#data finger_run_frequency=>[0.887,0.101,0.010,0.002,0.000,0.000,0.000,0.000,0.000,0.000,0.000,0.000,0.000,0.000,0.000,0.000,0.000],
#data finger_run_cumulative=>[0.887,0.988,0.998,1.000,1.000,1.000,1.000,1.000,1.000,1.000,1.000,1.000,1.000,1.000,1.000,1.000,1.000],

keyboard same-hand row jump length
------------------------------------------------------------
1                     5904801 78.8  78.8
2                     1170651 15.6  94.4
3                      296747  4.0  98.4
4                       81515  1.1  99.5
5                       32706  0.4  99.9
6                        5915  0.1 100.0
7                        1924  0.0 100.0
8                         410  0.0 100.0
9                         123  0.0 100.0
10                         37  0.0 100.0
11                          6  0.0 100.0
12                          2  0.0 100.0
13                          2  0.0 100.0
15                          1  0.0 100.0
18                          1  0.0 100.0
19                          1  0.0 100.0
24                          1  0.0 100.0

#data row_jump_data=>[qw(1 2 3 4 5 6 7 8 9 10 11 12 13 15 18 19 24)],
#data row_jump_frequency=>[0.788,0.156,0.040,0.011,0.004,0.001,0.000,0.000,0.000,0.000,0.000,0.000,0.000,0.000,0.000,0.000,0.000],
#data row_jump_cumulative=>[0.788,0.944,0.984,0.995,0.999,1.000,1.000,1.000,1.000,1.000,1.000,1.000,1.000,1.000,1.000,1.000,1.000],

corpus character frequency
------------------------------------------------------------
e                     1189270 12.4  12.4
t                      857621  8.9  21.4
a                      772047  8.1  29.4
o                      743158  7.8  37.2
i                      664716  6.9  44.1
n                      659446  6.9  51.0
h                      601534  6.3  57.2
s                      600522  6.3  63.5
r                      551354  5.8  69.3
d                      428936  4.5  73.7
l                      395151  4.1  77.9
u                      278222  2.9  80.8
m                      257890  2.7  83.5
w                      230357  2.4  85.9
c                      228885  2.4  88.2
f                      208786  2.2  90.4
y                      202083  2.1  92.5
g                      192882  2.0  94.5
p                      158583  1.7  96.2
b                      149480  1.6  97.8
v                       91308  1.0  98.7
k                       78419  0.8  99.5
j                       14421  0.2  99.7
x                       14308  0.1  99.8
q                       10285  0.1  99.9
z                        6129  0.1 100.0

#data character_frequency_data=>[qw(e t a o i n h s r d l u m w c f y g p b v k j x q z)],
#data character_frequency_frequency=>[0.124,0.089,0.081,0.078,0.069,0.069,0.063,0.063,0.058,0.045,0.041,0.029,0.027,0.024,0.024,0.022,0.021,0.020,0.017,0.016,0.010,0.008,0.002,0.001,0.001,0.001],
#data character_frequency_cumulative=>[0.124,0.214,0.294,0.372,0.441,0.510,0.572,0.635,0.693,0.737,0.779,0.808,0.835,0.859,0.882,0.904,0.925,0.945,0.962,0.978,0.987,0.995,0.997,0.998,0.999,1.000],

