Keyboard effort
------------------------------------------------------------
k1                      0.868  73.8  73.8
k1,k2                   1.125  21.9  95.8
k1,k2,k3                1.175   4.2 100.0
b                       0.495  23.6  23.6
p                       0.680  32.4 172.8
ph                      0.000   0.0   0.0
pr                      0.255  37.4  37.4
pf                      0.328  48.3  85.7
s                       0.925  44.0 100.0
all                     2.100 100.0 100.0

#data effort_k1=>[0.868,73.849,73.849],
#data effort_k12=>[1.125,21.929,95.778],
#data effort_k123=>[1.175,4.222,100.000],
#data effort_base=>[0.495,23.574,23.574],
#data effort_penalty=>[0.680,32.390,172.782],
#data effort_penalty_hand=>[0.000,0.000,0.000],
#data effort_penalty_row=>[0.255,37.439,37.439],
#data effort_penalty_finger=>[0.328,48.268,85.708],
#data effort_path=>[0.925,44.035,100.000],
#data effort_all=>[2.100,100.000,100.000],

keyboard row frequency
------------------------------------------------------------
1                     2303639 25.2  25.2
2                     5504736 60.2  85.3
3                     1342790 14.7 100.0

#data row_data=>[qw(1 2 3)],
#data row_frequency=>[0.252,0.602,0.147],
#data row_cumulative=>[0.252,0.853,1.000],

keyboard hand frequency
------------------------------------------------------------
0                     4233317 46.3  46.3
1                     4917848 53.7 100.0

#data hand_data=>[qw(0 1)],
#data hand_frequency=>[0.463,0.537],
#data hand_cumulative=>[0.463,1.000],

keyboard finger frequency
------------------------------------------------------------
0                      764404  8.4   8.4
1                      805304  8.8  17.2
2                      696590  7.6  24.8
3                     1967019 21.5  46.3
6                     2614079 28.6  74.8
7                     1758726 19.2  94.0
8                      389169  4.3  98.3
9                      155874  1.7 100.0

#data finger_data=>[qw(0 1 2 3 6 7 8 9)],
#data finger_frequency=>[0.084,0.088,0.076,0.215,0.286,0.192,0.043,0.017],
#data finger_cumulative=>[0.084,0.172,0.248,0.463,0.748,0.940,0.983,1.000],

keyboard left hand run length
------------------------------------------------------------
1                     1501826 56.6  56.6
2                      764118 28.8  85.3
3                      245939  9.3  94.6
4                       92063  3.5  98.1
5                       32504  1.2  99.3
6                       11993  0.5  99.7
7                        4123  0.2  99.9
8                        1524  0.1 100.0
9                         632  0.0 100.0
10                        227  0.0 100.0
11                         93  0.0 100.0
12                         21  0.0 100.0
13                         17  0.0 100.0
14                          4  0.0 100.0
15                          3  0.0 100.0
16                          3  0.0 100.0
17                          1  0.0 100.0
18                          1  0.0 100.0
19                          1  0.0 100.0

#data left_hand_run_data=>[qw(1 2 3 4 5 6 7 8 9 10 11 12 13 14 15 16 17 18 19)],
#data left_hand_run_frequency=>[0.566,0.288,0.093,0.035,0.012,0.005,0.002,0.001,0.000,0.000,0.000,0.000,0.000,0.000,0.000,0.000,0.000,0.000,0.000],
#data left_hand_run_cumulative=>[0.566,0.853,0.946,0.981,0.993,0.997,0.999,1.000,1.000,1.000,1.000,1.000,1.000,1.000,1.000,1.000,1.000,1.000,1.000],

keyboard right hand run length
------------------------------------------------------------
1                     1270168 47.8  47.8
2                      736994 27.8  75.6
3                      371577 14.0  89.6
4                      158966  6.0  95.6
5                       69972  2.6  98.2
6                       27588  1.0  99.3
7                       11169  0.4  99.7
8                        4961  0.2  99.9
9                        2021  0.1  99.9
10                        923  0.0 100.0
11                        388  0.0 100.0
12                        194  0.0 100.0
13                         78  0.0 100.0
14                         48  0.0 100.0
15                         22  0.0 100.0
16                         11  0.0 100.0
17                          5  0.0 100.0
18                          2  0.0 100.0
19                          1  0.0 100.0
20                          1  0.0 100.0
21                          1  0.0 100.0
22                          1  0.0 100.0
24                          1  0.0 100.0
30                          1  0.0 100.0

#data right_hand_run_data=>[qw(1 2 3 4 5 6 7 8 9 10 11 12 13 14 15 16 17 18 19 20 21 22 24 30)],
#data right_hand_run_frequency=>[0.478,0.278,0.140,0.060,0.026,0.010,0.004,0.002,0.001,0.000,0.000,0.000,0.000,0.000,0.000,0.000,0.000,0.000,0.000,0.000,0.000,0.000,0.000,0.000],
#data right_hand_run_cumulative=>[0.478,0.756,0.896,0.956,0.982,0.993,0.997,0.999,0.999,1.000,1.000,1.000,1.000,1.000,1.000,1.000,1.000,1.000,1.000,1.000,1.000,1.000,1.000,1.000],

keyboard hand run length
------------------------------------------------------------
1                     2771994 52.2  52.2
2                     1501112 28.3  80.5
3                      617516 11.6  92.1
4                      251029  4.7  96.8
5                      102476  1.9  98.8
6                       39581  0.7  99.5
7                       15292  0.3  99.8
8                        6485  0.1  99.9
9                        2653  0.0 100.0
10                       1150  0.0 100.0
11                        481  0.0 100.0
12                        215  0.0 100.0
13                         95  0.0 100.0
14                         52  0.0 100.0
15                         25  0.0 100.0
16                         14  0.0 100.0
17                          6  0.0 100.0
18                          3  0.0 100.0
19                          2  0.0 100.0
20                          1  0.0 100.0
21                          1  0.0 100.0
22                          1  0.0 100.0
24                          1  0.0 100.0
30                          1  0.0 100.0

#data all_hand_run_data=>[qw(1 2 3 4 5 6 7 8 9 10 11 12 13 14 15 16 17 18 19 20 21 22 24 30)],
#data all_hand_run_frequency=>[0.522,0.283,0.116,0.047,0.019,0.007,0.003,0.001,0.000,0.000,0.000,0.000,0.000,0.000,0.000,0.000,0.000,0.000,0.000,0.000,0.000,0.000,0.000,0.000],
#data all_hand_run_cumulative=>[0.522,0.805,0.921,0.968,0.988,0.995,0.998,0.999,1.000,1.000,1.000,1.000,1.000,1.000,1.000,1.000,1.000,1.000,1.000,1.000,1.000,1.000,1.000,1.000],

keyboard top row run length
------------------------------------------------------------
1                     1486077 78.7  78.7
2                      317627 16.8  95.5
3                       69911  3.7  99.2
4                       13090  0.7  99.9
5                        2422  0.1 100.0
6                         219  0.0 100.0
7                          34  0.0 100.0
8                          11  0.0 100.0
9                           3  0.0 100.0
10                          1  0.0 100.0
15                          1  0.0 100.0

#data t_row_run_data=>[qw(1 2 3 4 5 6 7 8 9 10 15)],
#data t_row_run_frequency=>[0.787,0.168,0.037,0.007,0.001,0.000,0.000,0.000,0.000,0.000,0.000],
#data t_row_run_cumulative=>[0.787,0.955,0.992,0.999,1.000,1.000,1.000,1.000,1.000,1.000,1.000],

keyboard home row run length
------------------------------------------------------------
1                     1116387 44.7  44.7
2                      552280 22.1  66.8
3                      358767 14.4  81.2
4                      208741  8.4  89.5
5                      114999  4.6  94.1
6                       63416  2.5  96.7
7                       35508  1.4  98.1
8                       21436  0.9  98.9
9                       11620  0.5  99.4
10                       6618  0.3  99.7
11                       3850  0.2  99.8
12                       2036  0.1  99.9
13                       1083  0.0  99.9
14                        622  0.0 100.0
15                        335  0.0 100.0
16                        194  0.0 100.0
17                        116  0.0 100.0
18                         51  0.0 100.0
19                         40  0.0 100.0
20                         18  0.0 100.0
21                         20  0.0 100.0
22                          4  0.0 100.0
23                          5  0.0 100.0
24                          5  0.0 100.0
25                          1  0.0 100.0
27                          4  0.0 100.0
31                          1  0.0 100.0

#data h_row_run_data=>[qw(1 2 3 4 5 6 7 8 9 10 11 12 13 14 15 16 17 18 19 20 21 22 23 24 25 27 31)],
#data h_row_run_frequency=>[0.447,0.221,0.144,0.084,0.046,0.025,0.014,0.009,0.005,0.003,0.002,0.001,0.000,0.000,0.000,0.000,0.000,0.000,0.000,0.000,0.000,0.000,0.000,0.000,0.000,0.000,0.000],
#data h_row_run_cumulative=>[0.447,0.668,0.812,0.895,0.941,0.967,0.981,0.989,0.994,0.997,0.998,0.999,0.999,1.000,1.000,1.000,1.000,1.000,1.000,1.000,1.000,1.000,1.000,1.000,1.000,1.000,1.000],

keyboard bottom row run length
------------------------------------------------------------
1                     1244566 93.9  93.9
2                       80811  6.1 100.0
3                         369  0.0 100.0
4                          25  0.0 100.0
5                           2  0.0 100.0
10                          4  0.0 100.0

#data b_row_run_data=>[qw(1 2 3 4 5 10)],
#data b_row_run_frequency=>[0.939,0.061,0.000,0.000,0.000,0.000],
#data b_row_run_cumulative=>[0.939,1.000,1.000,1.000,1.000,1.000],

keyboard row run length
------------------------------------------------------------
1                     3847030 67.3  67.3
2                      950718 16.6  84.0
3                      429047  7.5  91.5
4                      221856  3.9  95.4
5                      117423  2.1  97.4
6                       63635  1.1  98.5
7                       35542  0.6  99.2
8                       21447  0.4  99.5
9                       11623  0.2  99.7
10                       6623  0.1  99.9
11                       3850  0.1  99.9
12                       2036  0.0 100.0
13                       1083  0.0 100.0
14                        622  0.0 100.0
15                        336  0.0 100.0
16                        194  0.0 100.0
17                        116  0.0 100.0
18                         51  0.0 100.0
19                         40  0.0 100.0
20                         18  0.0 100.0
21                         20  0.0 100.0
22                          4  0.0 100.0
23                          5  0.0 100.0
24                          5  0.0 100.0
25                          1  0.0 100.0
27                          4  0.0 100.0
31                          1  0.0 100.0

#data all_row_run_data=>[qw(1 2 3 4 5 6 7 8 9 10 11 12 13 14 15 16 17 18 19 20 21 22 23 24 25 27 31)],
#data all_row_run_frequency=>[0.673,0.166,0.075,0.039,0.021,0.011,0.006,0.004,0.002,0.001,0.001,0.000,0.000,0.000,0.000,0.000,0.000,0.000,0.000,0.000,0.000,0.000,0.000,0.000,0.000,0.000,0.000],
#data all_row_run_cumulative=>[0.673,0.840,0.915,0.954,0.974,0.985,0.992,0.995,0.997,0.999,0.999,1.000,1.000,1.000,1.000,1.000,1.000,1.000,1.000,1.000,1.000,1.000,1.000,1.000,1.000,1.000,1.000],

keyboard finger run length
------------------------------------------------------------
1                     7231098 87.1  87.1
2                      913879 11.0  98.1
3                      127471  1.5  99.6
4                       24158  0.3  99.9
5                        6963  0.1 100.0
6                        1452  0.0 100.0
7                         374  0.0 100.0
8                         132  0.0 100.0
9                          42  0.0 100.0
10                         12  0.0 100.0
11                          6  0.0 100.0
12                          6  0.0 100.0
13                          1  0.0 100.0
20                          1  0.0 100.0
22                          1  0.0 100.0

#data finger_run_data=>[qw(1 2 3 4 5 6 7 8 9 10 11 12 13 20 22)],
#data finger_run_frequency=>[0.871,0.110,0.015,0.003,0.001,0.000,0.000,0.000,0.000,0.000,0.000,0.000,0.000,0.000,0.000],
#data finger_run_cumulative=>[0.871,0.981,0.996,0.999,1.000,1.000,1.000,1.000,1.000,1.000,1.000,1.000,1.000,1.000,1.000],

keyboard same-hand row jump length
------------------------------------------------------------
1                     5276821 74.9  74.9
2                     1039835 14.8  89.6
3                      438186  6.2  95.9
4                      181428  2.6  98.4
5                       60023  0.9  99.3
6                       29432  0.4  99.7
7                       12497  0.2  99.9
8                        4799  0.1 100.0
9                        1966  0.0 100.0
10                        966  0.0 100.0
11                        358  0.0 100.0
12                        121  0.0 100.0
13                         33  0.0 100.0
14                         29  0.0 100.0
15                          7  0.0 100.0
16                          2  0.0 100.0
17                          2  0.0 100.0
19                          1  0.0 100.0
24                          1  0.0 100.0

#data row_jump_data=>[qw(1 2 3 4 5 6 7 8 9 10 11 12 13 14 15 16 17 19 24)],
#data row_jump_frequency=>[0.749,0.148,0.062,0.026,0.009,0.004,0.002,0.001,0.000,0.000,0.000,0.000,0.000,0.000,0.000,0.000,0.000,0.000,0.000],
#data row_jump_cumulative=>[0.749,0.896,0.959,0.984,0.993,0.997,0.999,1.000,1.000,1.000,1.000,1.000,1.000,1.000,1.000,1.000,1.000,1.000,1.000],

corpus character frequency
------------------------------------------------------------
e                     1189270 12.4  12.4
t                      857621  8.9  21.4
a                      772047  8.1  29.4
o                      743158  7.8  37.2
i                      664716  6.9  44.1
n                      659446  6.9  51.0
h                      601534  6.3  57.2
s                      600522  6.3  63.5
r                      551354  5.8  69.3
d                      428936  4.5  73.7
l                      395151  4.1  77.9
u                      278222  2.9  80.8
m                      257890  2.7  83.5
w                      230357  2.4  85.9
c                      228885  2.4  88.2
f                      208786  2.2  90.4
y                      202083  2.1  92.5
g                      192882  2.0  94.5
p                      158583  1.7  96.2
b                      149480  1.6  97.8
v                       91308  1.0  98.7
k                       78419  0.8  99.5
j                       14421  0.2  99.7
x                       14308  0.1  99.8
q                       10285  0.1  99.9
z                        6129  0.1 100.0

#data character_frequency_data=>[qw(e t a o i n h s r d l u m w c f y g p b v k j x q z)],
#data character_frequency_frequency=>[0.124,0.089,0.081,0.078,0.069,0.069,0.063,0.063,0.058,0.045,0.041,0.029,0.027,0.024,0.024,0.022,0.021,0.020,0.017,0.016,0.010,0.008,0.002,0.001,0.001,0.001],
#data character_frequency_cumulative=>[0.124,0.214,0.294,0.372,0.441,0.510,0.572,0.635,0.693,0.737,0.779,0.808,0.835,0.859,0.882,0.904,0.925,0.945,0.962,0.978,0.987,0.995,0.997,0.998,0.999,1.000],

