Keyboard effort
------------------------------------------------------------
k1                      0.747  75.8  75.8
k1,k2                   0.947  20.3  96.1
k1,k2,k3                0.985   3.9 100.0
b                       0.510  29.6  29.6
p                       0.476  27.6 207.1
ph                      0.000   0.0   0.0
pr                      0.198  41.6  41.6
pf                      0.239  50.3  91.9
s                       0.736  42.8 100.0
all                     1.722 100.0 100.0

#data effort_k1=>[0.747,75.768,75.768],
#data effort_k12=>[0.947,20.342,96.110],
#data effort_k123=>[0.985,3.890,100.000],
#data effort_base=>[0.510,29.597,29.597],
#data effort_penalty=>[0.476,27.632,207.113],
#data effort_penalty_hand=>[0.000,0.000,0.000],
#data effort_penalty_row=>[0.198,41.645,41.645],
#data effort_penalty_finger=>[0.239,50.266,91.910],
#data effort_path=>[0.736,42.771,100.000],
#data effort_all=>[1.722,100.000,100.000],

keyboard row frequency
------------------------------------------------------------
1                     2386765 26.1  26.1
2                     6021349 65.8  91.9
3                      743051  8.1 100.0

#data row_data=>[qw(1 2 3)],
#data row_frequency=>[0.261,0.658,0.081],
#data row_cumulative=>[0.261,0.919,1.000],

keyboard hand frequency
------------------------------------------------------------
0                     4505114 49.2  49.2
1                     4646051 50.8 100.0

#data hand_data=>[qw(0 1)],
#data hand_frequency=>[0.492,0.508],
#data hand_cumulative=>[0.492,1.000],

keyboard finger frequency
------------------------------------------------------------
0                      415916  4.5   4.5
1                      855672  9.4  13.9
2                     1253064 13.7  27.6
3                     1980462 21.6  49.2
6                     2077577 22.7  71.9
7                     1828304 20.0  91.9
8                      725997  7.9  99.8
9                       14173  0.2 100.0

#data finger_data=>[qw(0 1 2 3 6 7 8 9)],
#data finger_frequency=>[0.045,0.094,0.137,0.216,0.227,0.200,0.079,0.002],
#data finger_cumulative=>[0.045,0.139,0.276,0.492,0.719,0.919,0.998,1.000],

keyboard left hand run length
------------------------------------------------------------
1                     1749557 57.1  57.1
2                     1000393 32.7  89.8
3                      274658  9.0  98.7
4                       34300  1.1  99.9
5                        3876  0.1 100.0
6                         406  0.0 100.0
7                          51  0.0 100.0
8                           7  0.0 100.0
9                           2  0.0 100.0
10                          5  0.0 100.0
12                          2  0.0 100.0
21                          1  0.0 100.0

#data left_hand_run_data=>[qw(1 2 3 4 5 6 7 8 9 10 12 21)],
#data left_hand_run_frequency=>[0.571,0.327,0.090,0.011,0.001,0.000,0.000,0.000,0.000,0.000,0.000,0.000],
#data left_hand_run_cumulative=>[0.571,0.898,0.987,0.999,1.000,1.000,1.000,1.000,1.000,1.000,1.000,1.000],

keyboard right hand run length
------------------------------------------------------------
1                     1832444 59.8  59.8
2                      867511 28.3  88.1
3                      228706  7.5  95.6
4                       92505  3.0  98.6
5                       30112  1.0  99.6
6                        8178  0.3  99.9
7                        2532  0.1 100.0
8                         844  0.0 100.0
9                         273  0.0 100.0
10                         74  0.0 100.0
11                         38  0.0 100.0
12                         16  0.0 100.0
13                          9  0.0 100.0
14                          6  0.0 100.0
15                          3  0.0 100.0
16                          2  0.0 100.0
17                          1  0.0 100.0
18                          1  0.0 100.0
19                          1  0.0 100.0
20                          1  0.0 100.0
22                          2  0.0 100.0
23                          1  0.0 100.0

#data right_hand_run_data=>[qw(1 2 3 4 5 6 7 8 9 10 11 12 13 14 15 16 17 18 19 20 22 23)],
#data right_hand_run_frequency=>[0.598,0.283,0.075,0.030,0.010,0.003,0.001,0.000,0.000,0.000,0.000,0.000,0.000,0.000,0.000,0.000,0.000,0.000,0.000,0.000,0.000,0.000],
#data right_hand_run_cumulative=>[0.598,0.881,0.956,0.986,0.996,0.999,1.000,1.000,1.000,1.000,1.000,1.000,1.000,1.000,1.000,1.000,1.000,1.000,1.000,1.000,1.000,1.000],

keyboard hand run length
------------------------------------------------------------
1                     3582001 58.5  58.5
2                     1867904 30.5  89.0
3                      503364  8.2  97.2
4                      126805  2.1  99.2
5                       33988  0.6  99.8
6                        8584  0.1  99.9
7                        2583  0.0 100.0
8                         851  0.0 100.0
9                         275  0.0 100.0
10                         79  0.0 100.0
11                         38  0.0 100.0
12                         18  0.0 100.0
13                          9  0.0 100.0
14                          6  0.0 100.0
15                          3  0.0 100.0
16                          2  0.0 100.0
17                          1  0.0 100.0
18                          1  0.0 100.0
19                          1  0.0 100.0
20                          1  0.0 100.0
21                          1  0.0 100.0
22                          2  0.0 100.0
23                          1  0.0 100.0

#data all_hand_run_data=>[qw(1 2 3 4 5 6 7 8 9 10 11 12 13 14 15 16 17 18 19 20 21 22 23)],
#data all_hand_run_frequency=>[0.585,0.305,0.082,0.021,0.006,0.001,0.000,0.000,0.000,0.000,0.000,0.000,0.000,0.000,0.000,0.000,0.000,0.000,0.000,0.000,0.000,0.000,0.000],
#data all_hand_run_cumulative=>[0.585,0.890,0.972,0.992,0.998,0.999,1.000,1.000,1.000,1.000,1.000,1.000,1.000,1.000,1.000,1.000,1.000,1.000,1.000,1.000,1.000,1.000,1.000],

keyboard top row run length
------------------------------------------------------------
1                      915858 59.0  59.0
2                      435375 28.0  87.0
3                      136835  8.8  95.8
4                       43416  2.8  98.6
5                       14234  0.9  99.5
6                        4594  0.3  99.8
7                        1751  0.1  99.9
8                         537  0.0 100.0
9                         238  0.0 100.0
10                         79  0.0 100.0
11                         43  0.0 100.0
12                         10  0.0 100.0
13                          7  0.0 100.0
14                          5  0.0 100.0
15                          1  0.0 100.0
17                          1  0.0 100.0
22                          1  0.0 100.0
29                          1  0.0 100.0

#data t_row_run_data=>[qw(1 2 3 4 5 6 7 8 9 10 11 12 13 14 15 17 22 29)],
#data t_row_run_frequency=>[0.590,0.280,0.088,0.028,0.009,0.003,0.001,0.000,0.000,0.000,0.000,0.000,0.000,0.000,0.000,0.000,0.000,0.000],
#data t_row_run_cumulative=>[0.590,0.870,0.958,0.986,0.995,0.998,0.999,1.000,1.000,1.000,1.000,1.000,1.000,1.000,1.000,1.000,1.000,1.000],

keyboard home row run length
------------------------------------------------------------
1                      567142 29.2  29.2
2                      406449 20.9  50.1
3                      307367 15.8  65.9
4                      212103 10.9  76.8
5                      146674  7.5  84.4
6                      100205  5.2  89.5
7                       67090  3.5  93.0
8                       45086  2.3  95.3
9                       30414  1.6  96.9
10                      19962  1.0  97.9
11                      13629  0.7  98.6
12                       9039  0.5  99.0
13                       6198  0.3  99.4
14                       4111  0.2  99.6
15                       2675  0.1  99.7
16                       1818  0.1  99.8
17                       1194  0.1  99.9
18                        855  0.0  99.9
19                        561  0.0  99.9
20                        381  0.0 100.0
21                        265  0.0 100.0
22                        174  0.0 100.0
23                         94  0.0 100.0
24                         66  0.0 100.0
25                         54  0.0 100.0
26                         37  0.0 100.0
27                         21  0.0 100.0
28                          9  0.0 100.0
29                          5  0.0 100.0
30                          4  0.0 100.0
31                          1  0.0 100.0
32                          3  0.0 100.0
33                          3  0.0 100.0
34                          3  0.0 100.0
35                          1  0.0 100.0
36                          1  0.0 100.0

#data h_row_run_data=>[qw(1 2 3 4 5 6 7 8 9 10 11 12 13 14 15 16 17 18 19 20 21 22 23 24 25 26 27 28 29 30 31 32 33 34 35 36)],
#data h_row_run_frequency=>[0.292,0.209,0.158,0.109,0.075,0.052,0.035,0.023,0.016,0.010,0.007,0.005,0.003,0.002,0.001,0.001,0.001,0.000,0.000,0.000,0.000,0.000,0.000,0.000,0.000,0.000,0.000,0.000,0.000,0.000,0.000,0.000,0.000,0.000,0.000,0.000],
#data h_row_run_cumulative=>[0.292,0.501,0.659,0.768,0.844,0.895,0.930,0.953,0.969,0.979,0.986,0.990,0.994,0.996,0.997,0.998,0.999,0.999,0.999,1.000,1.000,1.000,1.000,1.000,1.000,1.000,1.000,1.000,1.000,1.000,1.000,1.000,1.000,1.000,1.000,1.000],

keyboard bottom row run length
------------------------------------------------------------
1                      678609 93.7  93.7
2                       44872  6.2  99.9
3                         686  0.1 100.0
4                          12  0.0 100.0
5                           3  0.0 100.0
10                          4  0.0 100.0

#data b_row_run_data=>[qw(1 2 3 4 5 10)],
#data b_row_run_frequency=>[0.937,0.062,0.001,0.000,0.000,0.000],
#data b_row_run_cumulative=>[0.937,0.999,1.000,1.000,1.000,1.000],

keyboard row run length
------------------------------------------------------------
1                     2161609 51.2  51.2
2                      886696 21.0  72.2
3                      444888 10.5  82.8
4                      255531  6.1  88.8
5                      160911  3.8  92.6
6                      104799  2.5  95.1
7                       68841  1.6  96.7
8                       45623  1.1  97.8
9                       30652  0.7  98.5
10                      20045  0.5  99.0
11                      13672  0.3  99.3
12                       9049  0.2  99.6
13                       6205  0.1  99.7
14                       4116  0.1  99.8
15                       2676  0.1  99.9
16                       1818  0.0  99.9
17                       1195  0.0  99.9
18                        855  0.0 100.0
19                        561  0.0 100.0
20                        381  0.0 100.0
21                        265  0.0 100.0
22                        175  0.0 100.0
23                         94  0.0 100.0
24                         66  0.0 100.0
25                         54  0.0 100.0
26                         37  0.0 100.0
27                         21  0.0 100.0
28                          9  0.0 100.0
29                          6  0.0 100.0
30                          4  0.0 100.0
31                          1  0.0 100.0
32                          3  0.0 100.0
33                          3  0.0 100.0
34                          3  0.0 100.0
35                          1  0.0 100.0
36                          1  0.0 100.0

#data all_row_run_data=>[qw(1 2 3 4 5 6 7 8 9 10 11 12 13 14 15 16 17 18 19 20 21 22 23 24 25 26 27 28 29 30 31 32 33 34 35 36)],
#data all_row_run_frequency=>[0.512,0.210,0.105,0.061,0.038,0.025,0.016,0.011,0.007,0.005,0.003,0.002,0.001,0.001,0.001,0.000,0.000,0.000,0.000,0.000,0.000,0.000,0.000,0.000,0.000,0.000,0.000,0.000,0.000,0.000,0.000,0.000,0.000,0.000,0.000,0.000],
#data all_row_run_cumulative=>[0.512,0.722,0.828,0.888,0.926,0.951,0.967,0.978,0.985,0.990,0.993,0.996,0.997,0.998,0.999,0.999,0.999,1.000,1.000,1.000,1.000,1.000,1.000,1.000,1.000,1.000,1.000,1.000,1.000,1.000,1.000,1.000,1.000,1.000,1.000,1.000],

keyboard finger run length
------------------------------------------------------------
1                     7986790 91.2  91.2
2                      725378  8.3  99.5
3                       42953  0.5  99.9
4                        4059  0.0 100.0
5                         519  0.0 100.0
6                          51  0.0 100.0
7                           8  0.0 100.0
8                           6  0.0 100.0
9                           1  0.0 100.0
10                          4  0.0 100.0
11                          3  0.0 100.0
12                          1  0.0 100.0
16                          1  0.0 100.0
17                          1  0.0 100.0
20                          1  0.0 100.0

#data finger_run_data=>[qw(1 2 3 4 5 6 7 8 9 10 11 12 16 17 20)],
#data finger_run_frequency=>[0.912,0.083,0.005,0.000,0.000,0.000,0.000,0.000,0.000,0.000,0.000,0.000,0.000,0.000,0.000],
#data finger_run_cumulative=>[0.912,0.995,0.999,1.000,1.000,1.000,1.000,1.000,1.000,1.000,1.000,1.000,1.000,1.000,1.000],

keyboard same-hand row jump length
------------------------------------------------------------
1                     6965636 85.4  85.4
2                      929801 11.4  96.8
3                      188939  2.3  99.1
4                       55677  0.7  99.8
5                       13773  0.2  99.9
6                        3413  0.0 100.0
7                         793  0.0 100.0
8                         243  0.0 100.0
9                          95  0.0 100.0
10                         20  0.0 100.0
11                          1  0.0 100.0
12                          3  0.0 100.0
13                          1  0.0 100.0
15                          1  0.0 100.0
16                          1  0.0 100.0
17                          2  0.0 100.0
19                          3  0.0 100.0

#data row_jump_data=>[qw(1 2 3 4 5 6 7 8 9 10 11 12 13 15 16 17 19)],
#data row_jump_frequency=>[0.854,0.114,0.023,0.007,0.002,0.000,0.000,0.000,0.000,0.000,0.000,0.000,0.000,0.000,0.000,0.000,0.000],
#data row_jump_cumulative=>[0.854,0.968,0.991,0.998,0.999,1.000,1.000,1.000,1.000,1.000,1.000,1.000,1.000,1.000,1.000,1.000,1.000],

corpus character frequency
------------------------------------------------------------
e                     1189270 12.4  12.4
t                      857621  8.9  21.4
a                      772047  8.1  29.4
o                      743158  7.8  37.2
i                      664716  6.9  44.1
n                      659446  6.9  51.0
h                      601534  6.3  57.2
s                      600522  6.3  63.5
r                      551354  5.8  69.3
d                      428936  4.5  73.7
l                      395151  4.1  77.9
u                      278222  2.9  80.8
m                      257890  2.7  83.5
w                      230357  2.4  85.9
c                      228885  2.4  88.2
f                      208786  2.2  90.4
y                      202083  2.1  92.5
g                      192882  2.0  94.5
p                      158583  1.7  96.2
b                      149480  1.6  97.8
v                       91308  1.0  98.7
k                       78419  0.8  99.5
j                       14421  0.2  99.7
x                       14308  0.1  99.8
q                       10285  0.1  99.9
z                        6129  0.1 100.0

#data character_frequency_data=>[qw(e t a o i n h s r d l u m w c f y g p b v k j x q z)],
#data character_frequency_frequency=>[0.124,0.089,0.081,0.078,0.069,0.069,0.063,0.063,0.058,0.045,0.041,0.029,0.027,0.024,0.024,0.022,0.021,0.020,0.017,0.016,0.010,0.008,0.002,0.001,0.001,0.001],
#data character_frequency_cumulative=>[0.124,0.214,0.294,0.372,0.441,0.510,0.572,0.635,0.693,0.737,0.779,0.808,0.835,0.859,0.882,0.904,0.925,0.945,0.962,0.978,0.987,0.995,0.997,0.998,0.999,1.000],

