Keyboard effort
------------------------------------------------------------
k1                      1.216  62.3  62.3
k1,k2                   1.778  28.8  91.1
k1,k2,k3                1.952   8.9 100.0
b                       0.969  32.8  32.8
p                       0.983  33.2 198.6
ph                      0.000   0.0   0.0
pr                      0.397  40.5  40.5
pf                      0.408  41.6  82.0
s                       1.005  34.0 100.0
all                     2.957 100.0 100.0

#data effort_k1=>[1.216,62.299,62.299],
#data effort_k12=>[1.778,28.826,91.126],
#data effort_k123=>[1.952,8.874,100.000],
#data effort_base=>[0.969,32.775,32.775],
#data effort_penalty=>[0.983,33.235,198.616],
#data effort_penalty_hand=>[0.000,0.000,0.000],
#data effort_penalty_row=>[0.397,40.452,40.452],
#data effort_penalty_finger=>[0.408,41.558,82.009],
#data effort_path=>[1.005,33.991,100.000],
#data effort_all=>[2.957,100.000,100.000],

keyboard row frequency
------------------------------------------------------------
1                     4500239 49.2  49.2
2                     3308136 36.1  85.3
3                     1342790 14.7 100.0

#data row_data=>[qw(1 2 3)],
#data row_frequency=>[0.492,0.361,0.147],
#data row_cumulative=>[0.492,0.853,1.000],

keyboard hand frequency
------------------------------------------------------------
0                     5264342 57.5  57.5
1                     3886823 42.5 100.0

#data hand_data=>[qw(0 1)],
#data hand_frequency=>[0.575,0.425],
#data hand_cumulative=>[0.575,1.000],

keyboard finger frequency
------------------------------------------------------------
0                      754153  8.2   8.2
1                      805304  8.8  17.0
2                     1737866 19.0  36.0
3                     1967019 21.5  57.5
6                     1915521 20.9  78.5
7                      717450  7.8  86.3
8                     1087727 11.9  98.2
9                      166125  1.8 100.0

#data finger_data=>[qw(0 1 2 3 6 7 8 9)],
#data finger_frequency=>[0.082,0.088,0.190,0.215,0.209,0.078,0.119,0.018],
#data finger_cumulative=>[0.082,0.170,0.360,0.575,0.785,0.863,0.982,1.000],

keyboard left hand run length
------------------------------------------------------------
1                     1027519 42.2  42.2
2                      642519 26.4  68.5
3                      345737 14.2  82.7
4                      193718  7.9  90.7
5                      104340  4.3  94.9
6                       59379  2.4  97.4
7                       30755  1.3  98.6
8                       15712  0.6  99.3
9                        8092  0.3  99.6
10                       4211  0.2  99.8
11                       2399  0.1  99.9
12                       1266  0.1  99.9
13                        713  0.0 100.0
14                        345  0.0 100.0
15                        223  0.0 100.0
16                        123  0.0 100.0
17                         43  0.0 100.0
18                         42  0.0 100.0
19                         19  0.0 100.0
20                         10  0.0 100.0
21                          5  0.0 100.0
22                          5  0.0 100.0
23                          1  0.0 100.0
24                          1  0.0 100.0
25                          2  0.0 100.0

#data left_hand_run_data=>[qw(1 2 3 4 5 6 7 8 9 10 11 12 13 14 15 16 17 18 19 20 21 22 23 24 25)],
#data left_hand_run_frequency=>[0.422,0.264,0.142,0.079,0.043,0.024,0.013,0.006,0.003,0.002,0.001,0.001,0.000,0.000,0.000,0.000,0.000,0.000,0.000,0.000,0.000,0.000,0.000,0.000,0.000],
#data left_hand_run_cumulative=>[0.422,0.685,0.827,0.907,0.949,0.974,0.986,0.993,0.996,0.998,0.999,0.999,1.000,1.000,1.000,1.000,1.000,1.000,1.000,1.000,1.000,1.000,1.000,1.000,1.000],

keyboard right hand run length
------------------------------------------------------------
1                     1473860 60.5  60.5
2                      541981 22.2  82.7
3                      271128 11.1  93.8
4                       93909  3.9  97.7
5                       34696  1.4  99.1
6                       13207  0.5  99.7
7                        5208  0.2  99.9
8                        1859  0.1  99.9
9                         773  0.0 100.0
10                        313  0.0 100.0
11                        127  0.0 100.0
12                         60  0.0 100.0
13                         23  0.0 100.0
14                         17  0.0 100.0
15                          9  0.0 100.0
16                          4  0.0 100.0
22                          2  0.0 100.0
31                          1  0.0 100.0

#data right_hand_run_data=>[qw(1 2 3 4 5 6 7 8 9 10 11 12 13 14 15 16 22 31)],
#data right_hand_run_frequency=>[0.605,0.222,0.111,0.039,0.014,0.005,0.002,0.001,0.000,0.000,0.000,0.000,0.000,0.000,0.000,0.000,0.000,0.000],
#data right_hand_run_cumulative=>[0.605,0.827,0.938,0.977,0.991,0.997,0.999,0.999,1.000,1.000,1.000,1.000,1.000,1.000,1.000,1.000,1.000,1.000],

keyboard hand run length
------------------------------------------------------------
1                     2501379 51.3  51.3
2                     1184500 24.3  75.6
3                      616865 12.7  88.3
4                      287627  5.9  94.2
5                      139036  2.9  97.0
6                       72586  1.5  98.5
7                       35963  0.7  99.3
8                       17571  0.4  99.6
9                        8865  0.2  99.8
10                       4524  0.1  99.9
11                       2526  0.1  99.9
12                       1326  0.0 100.0
13                        736  0.0 100.0
14                        362  0.0 100.0
15                        232  0.0 100.0
16                        127  0.0 100.0
17                         43  0.0 100.0
18                         42  0.0 100.0
19                         19  0.0 100.0
20                         10  0.0 100.0
21                          5  0.0 100.0
22                          7  0.0 100.0
23                          1  0.0 100.0
24                          1  0.0 100.0
25                          2  0.0 100.0
31                          1  0.0 100.0

#data all_hand_run_data=>[qw(1 2 3 4 5 6 7 8 9 10 11 12 13 14 15 16 17 18 19 20 21 22 23 24 25 31)],
#data all_hand_run_frequency=>[0.513,0.243,0.127,0.059,0.029,0.015,0.007,0.004,0.002,0.001,0.001,0.000,0.000,0.000,0.000,0.000,0.000,0.000,0.000,0.000,0.000,0.000,0.000,0.000,0.000,0.000],
#data all_hand_run_cumulative=>[0.513,0.756,0.883,0.942,0.970,0.985,0.993,0.996,0.998,0.999,0.999,1.000,1.000,1.000,1.000,1.000,1.000,1.000,1.000,1.000,1.000,1.000,1.000,1.000,1.000,1.000],

keyboard top row run length
------------------------------------------------------------
1                     1534084 56.9  56.9
2                      647031 24.0  80.9
3                      306705 11.4  92.3
4                      128434  4.8  97.0
5                       47747  1.8  98.8
6                       20013  0.7  99.5
7                        7458  0.3  99.8
8                        3034  0.1  99.9
9                        1130  0.0 100.0
10                        533  0.0 100.0
11                        201  0.0 100.0
12                         95  0.0 100.0
13                         30  0.0 100.0
14                          9  0.0 100.0
15                          2  0.0 100.0
17                          3  0.0 100.0
20                          1  0.0 100.0
26                          1  0.0 100.0

#data t_row_run_data=>[qw(1 2 3 4 5 6 7 8 9 10 11 12 13 14 15 17 20 26)],
#data t_row_run_frequency=>[0.569,0.240,0.114,0.048,0.018,0.007,0.003,0.001,0.000,0.000,0.000,0.000,0.000,0.000,0.000,0.000,0.000,0.000],
#data t_row_run_cumulative=>[0.569,0.809,0.923,0.970,0.988,0.995,0.998,0.999,1.000,1.000,1.000,1.000,1.000,1.000,1.000,1.000,1.000,1.000],

keyboard home row run length
------------------------------------------------------------
1                     1540435 65.9  65.9
2                      570871 24.4  90.3
3                      154897  6.6  97.0
4                       48699  2.1  99.1
5                       14786  0.6  99.7
6                        4941  0.2  99.9
7                        1669  0.1 100.0
8                         383  0.0 100.0
9                         117  0.0 100.0
10                         30  0.0 100.0
11                         11  0.0 100.0
12                          3  0.0 100.0
13                          3  0.0 100.0
15                          2  0.0 100.0

#data h_row_run_data=>[qw(1 2 3 4 5 6 7 8 9 10 11 12 13 15)],
#data h_row_run_frequency=>[0.659,0.244,0.066,0.021,0.006,0.002,0.001,0.000,0.000,0.000,0.000,0.000,0.000,0.000],
#data h_row_run_cumulative=>[0.659,0.903,0.970,0.991,0.997,0.999,1.000,1.000,1.000,1.000,1.000,1.000,1.000,1.000],

keyboard bottom row run length
------------------------------------------------------------
1                     1244566 93.9  93.9
2                       80811  6.1 100.0
3                         369  0.0 100.0
4                          25  0.0 100.0
5                           2  0.0 100.0
10                          4  0.0 100.0

#data b_row_run_data=>[qw(1 2 3 4 5 10)],
#data b_row_run_frequency=>[0.939,0.061,0.000,0.000,0.000,0.000],
#data b_row_run_cumulative=>[0.939,1.000,1.000,1.000,1.000,1.000],

keyboard row run length
------------------------------------------------------------
1                     4319085 67.9  67.9
2                     1298713 20.4  88.3
3                      461971  7.3  95.6
4                      177158  2.8  98.4
5                       62535  1.0  99.4
6                       24954  0.4  99.8
7                        9127  0.1  99.9
8                        3417  0.1 100.0
9                        1247  0.0 100.0
10                        567  0.0 100.0
11                        212  0.0 100.0
12                         98  0.0 100.0
13                         33  0.0 100.0
14                          9  0.0 100.0
15                          4  0.0 100.0
17                          3  0.0 100.0
20                          1  0.0 100.0
26                          1  0.0 100.0

#data all_row_run_data=>[qw(1 2 3 4 5 6 7 8 9 10 11 12 13 14 15 17 20 26)],
#data all_row_run_frequency=>[0.679,0.204,0.073,0.028,0.010,0.004,0.001,0.001,0.000,0.000,0.000,0.000,0.000,0.000,0.000,0.000,0.000,0.000],
#data all_row_run_cumulative=>[0.679,0.883,0.956,0.984,0.994,0.998,0.999,1.000,1.000,1.000,1.000,1.000,1.000,1.000,1.000,1.000,1.000,1.000],

keyboard finger run length
------------------------------------------------------------
1                     7543461 88.6  88.6
2                      885337 10.4  99.0
3                       76633  0.9  99.9
4                        8667  0.1 100.0
5                         938  0.0 100.0
6                         225  0.0 100.0
7                         123  0.0 100.0
8                           6  0.0 100.0
9                           6  0.0 100.0
10                          1  0.0 100.0
11                          3  0.0 100.0
12                          1  0.0 100.0
13                          1  0.0 100.0
20                          1  0.0 100.0

#data finger_run_data=>[qw(1 2 3 4 5 6 7 8 9 10 11 12 13 20)],
#data finger_run_frequency=>[0.886,0.104,0.009,0.001,0.000,0.000,0.000,0.000,0.000,0.000,0.000,0.000,0.000,0.000],
#data finger_run_cumulative=>[0.886,0.990,0.999,1.000,1.000,1.000,1.000,1.000,1.000,1.000,1.000,1.000,1.000,1.000],

keyboard same-hand row jump length
------------------------------------------------------------
1                     4378400 67.2  67.2
2                     1048083 16.1  83.3
3                      670576 10.3  93.6
4                      191961  2.9  96.5
5                      151751  2.3  98.8
6                       36686  0.6  99.4
7                       25409  0.4  99.8
8                        8252  0.1  99.9
9                        4098  0.1 100.0
10                        978  0.0 100.0
11                        666  0.0 100.0
12                        134  0.0 100.0
13                         86  0.0 100.0
14                         24  0.0 100.0
15                         18  0.0 100.0
16                          3  0.0 100.0
17                          4  0.0 100.0
18                          1  0.0 100.0
19                          1  0.0 100.0
26                          1  0.0 100.0

#data row_jump_data=>[qw(1 2 3 4 5 6 7 8 9 10 11 12 13 14 15 16 17 18 19 26)],
#data row_jump_frequency=>[0.672,0.161,0.103,0.029,0.023,0.006,0.004,0.001,0.001,0.000,0.000,0.000,0.000,0.000,0.000,0.000,0.000,0.000,0.000,0.000],
#data row_jump_cumulative=>[0.672,0.833,0.936,0.965,0.988,0.994,0.998,0.999,1.000,1.000,1.000,1.000,1.000,1.000,1.000,1.000,1.000,1.000,1.000,1.000],

corpus character frequency
------------------------------------------------------------
e                     1189270 12.4  12.4
t                      857621  8.9  21.4
a                      772047  8.1  29.4
o                      743158  7.8  37.2
i                      664716  6.9  44.1
n                      659446  6.9  51.0
h                      601534  6.3  57.2
s                      600522  6.3  63.5
r                      551354  5.8  69.3
d                      428936  4.5  73.7
l                      395151  4.1  77.9
u                      278222  2.9  80.8
m                      257890  2.7  83.5
w                      230357  2.4  85.9
c                      228885  2.4  88.2
f                      208786  2.2  90.4
y                      202083  2.1  92.5
g                      192882  2.0  94.5
p                      158583  1.7  96.2
b                      149480  1.6  97.8
v                       91308  1.0  98.7
k                       78419  0.8  99.5
j                       14421  0.2  99.7
x                       14308  0.1  99.8
q                       10285  0.1  99.9
z                        6129  0.1 100.0

#data character_frequency_data=>[qw(e t a o i n h s r d l u m w c f y g p b v k j x q z)],
#data character_frequency_frequency=>[0.124,0.089,0.081,0.078,0.069,0.069,0.063,0.063,0.058,0.045,0.041,0.029,0.027,0.024,0.024,0.022,0.021,0.020,0.017,0.016,0.010,0.008,0.002,0.001,0.001,0.001],
#data character_frequency_cumulative=>[0.124,0.214,0.294,0.372,0.441,0.510,0.572,0.635,0.693,0.737,0.779,0.808,0.835,0.859,0.882,0.904,0.925,0.945,0.962,0.978,0.987,0.995,0.997,0.998,0.999,1.000],

