Keyboard effort
------------------------------------------------------------
k1                      0.764  77.8  77.8
k1,k2                   0.951  19.1  96.9
k1,k2,k3                0.982   3.1 100.0
b                       0.495  26.5  26.5
p                       0.487  26.1 201.6
ph                      0.000   0.0   0.0
pr                      0.207  42.5  42.5
pf                      0.236  48.5  91.0
s                       0.886  47.4 100.0
all                     1.868 100.0 100.0

#data effort_k1=>[0.764,77.799,77.799],
#data effort_k12=>[0.951,19.068,96.867],
#data effort_k123=>[0.982,3.133,100.000],
#data effort_base=>[0.495,26.500,26.500],
#data effort_penalty=>[0.487,26.087,201.585],
#data effort_penalty_hand=>[0.000,0.000,0.000],
#data effort_penalty_row=>[0.207,42.478,42.478],
#data effort_penalty_finger=>[0.236,48.501,90.979],
#data effort_path=>[0.886,47.413,100.000],
#data effort_all=>[1.868,100.000,100.000],

keyboard row frequency
------------------------------------------------------------
1                     2303639 25.2  25.2
2                     5941667 64.9  90.1
3                      905859  9.9 100.0

#data row_data=>[qw(1 2 3)],
#data row_frequency=>[0.252,0.649,0.099],
#data row_cumulative=>[0.252,0.901,1.000],

keyboard hand frequency
------------------------------------------------------------
0                     4670248 51.0  51.0
1                     4480917 49.0 100.0

#data hand_data=>[qw(0 1)],
#data hand_frequency=>[0.510,0.490],
#data hand_cumulative=>[0.510,1.000],

keyboard finger frequency
------------------------------------------------------------
0                      415916  4.5   4.5
1                      805304  8.8  13.3
2                     1045078 11.4  24.8
3                     2403950 26.3  51.0
6                     2177148 23.8  74.8
7                     1758726 19.2  94.0
8                      389169  4.3  98.3
9                      155874  1.7 100.0

#data finger_data=>[qw(0 1 2 3 6 7 8 9)],
#data finger_frequency=>[0.045,0.088,0.114,0.263,0.238,0.192,0.043,0.017],
#data finger_cumulative=>[0.045,0.133,0.248,0.510,0.748,0.940,0.983,1.000],

keyboard left hand run length
------------------------------------------------------------
1                     1349527 51.0  51.0
2                      785331 29.7  80.6
3                      278963 10.5  91.2
4                      124770  4.7  95.9
5                       60926  2.3  98.2
6                       27805  1.1  99.2
7                       11729  0.4  99.7
8                        4717  0.2  99.8
9                        2303  0.1  99.9
10                       1010  0.0 100.0
11                        454  0.0 100.0
12                        160  0.0 100.0
13                        106  0.0 100.0
14                         38  0.0 100.0
15                         21  0.0 100.0
16                          9  0.0 100.0
17                          7  0.0 100.0
18                          5  0.0 100.0
19                          3  0.0 100.0
21                          1  0.0 100.0
28                          1  0.0 100.0

#data left_hand_run_data=>[qw(1 2 3 4 5 6 7 8 9 10 11 12 13 14 15 16 17 18 19 21 28)],
#data left_hand_run_frequency=>[0.510,0.297,0.105,0.047,0.023,0.011,0.004,0.002,0.001,0.000,0.000,0.000,0.000,0.000,0.000,0.000,0.000,0.000,0.000,0.000,0.000],
#data left_hand_run_cumulative=>[0.510,0.806,0.912,0.959,0.982,0.992,0.997,0.998,0.999,1.000,1.000,1.000,1.000,1.000,1.000,1.000,1.000,1.000,1.000,1.000,1.000],

keyboard right hand run length
------------------------------------------------------------
1                     1427932 53.9  53.9
2                      708665 26.8  80.7
3                      307665 11.6  92.3
4                      130478  4.9  97.2
5                       46710  1.8  99.0
6                       16678  0.6  99.6
7                        6291  0.2  99.9
8                        2177  0.1 100.0
9                         768  0.0 100.0
10                        297  0.0 100.0
11                        111  0.0 100.0
12                         58  0.0 100.0
13                         21  0.0 100.0
14                         12  0.0 100.0
15                         10  0.0 100.0
16                          5  0.0 100.0
17                          2  0.0 100.0
18                          1  0.0 100.0
19                          1  0.0 100.0
20                          1  0.0 100.0
22                          1  0.0 100.0
24                          1  0.0 100.0
28                          1  0.0 100.0
36                          1  0.0 100.0

#data right_hand_run_data=>[qw(1 2 3 4 5 6 7 8 9 10 11 12 13 14 15 16 17 18 19 20 22 24 28 36)],
#data right_hand_run_frequency=>[0.539,0.268,0.116,0.049,0.018,0.006,0.002,0.001,0.000,0.000,0.000,0.000,0.000,0.000,0.000,0.000,0.000,0.000,0.000,0.000,0.000,0.000,0.000,0.000],
#data right_hand_run_cumulative=>[0.539,0.807,0.923,0.972,0.990,0.996,0.999,1.000,1.000,1.000,1.000,1.000,1.000,1.000,1.000,1.000,1.000,1.000,1.000,1.000,1.000,1.000,1.000,1.000],

keyboard hand run length
------------------------------------------------------------
1                     2777459 52.4  52.4
2                     1493996 28.2  80.7
3                      586628 11.1  91.7
4                      255248  4.8  96.6
5                      107636  2.0  98.6
6                       44483  0.8  99.4
7                       18020  0.3  99.8
8                        6894  0.1  99.9
9                        3071  0.1 100.0
10                       1307  0.0 100.0
11                        565  0.0 100.0
12                        218  0.0 100.0
13                        127  0.0 100.0
14                         50  0.0 100.0
15                         31  0.0 100.0
16                         14  0.0 100.0
17                          9  0.0 100.0
18                          6  0.0 100.0
19                          4  0.0 100.0
20                          1  0.0 100.0
21                          1  0.0 100.0
22                          1  0.0 100.0
24                          1  0.0 100.0
28                          2  0.0 100.0
36                          1  0.0 100.0

#data all_hand_run_data=>[qw(1 2 3 4 5 6 7 8 9 10 11 12 13 14 15 16 17 18 19 20 21 22 24 28 36)],
#data all_hand_run_frequency=>[0.524,0.282,0.111,0.048,0.020,0.008,0.003,0.001,0.001,0.000,0.000,0.000,0.000,0.000,0.000,0.000,0.000,0.000,0.000,0.000,0.000,0.000,0.000,0.000,0.000],
#data all_hand_run_cumulative=>[0.524,0.807,0.917,0.966,0.986,0.994,0.998,0.999,1.000,1.000,1.000,1.000,1.000,1.000,1.000,1.000,1.000,1.000,1.000,1.000,1.000,1.000,1.000,1.000,1.000],

keyboard top row run length
------------------------------------------------------------
1                     1486077 78.7  78.7
2                      317627 16.8  95.5
3                       69911  3.7  99.2
4                       13090  0.7  99.9
5                        2422  0.1 100.0
6                         219  0.0 100.0
7                          34  0.0 100.0
8                          11  0.0 100.0
9                           3  0.0 100.0
10                          1  0.0 100.0
15                          1  0.0 100.0

#data t_row_run_data=>[qw(1 2 3 4 5 6 7 8 9 10 15)],
#data t_row_run_frequency=>[0.787,0.168,0.037,0.007,0.001,0.000,0.000,0.000,0.000,0.000,0.000],
#data t_row_run_cumulative=>[0.787,0.955,0.992,0.999,1.000,1.000,1.000,1.000,1.000,1.000,1.000],

keyboard home row run length
------------------------------------------------------------
1                      908475 39.3  39.3
2                      463206 20.0  59.3
3                      343804 14.9  74.2
4                      221813  9.6  83.8
5                      141751  6.1  89.9
6                       87456  3.8  93.7
7                       55367  2.4  96.1
8                       35174  1.5  97.6
9                       21508  0.9  98.5
10                      13603  0.6  99.1
11                       8078  0.3  99.5
12                       4954  0.2  99.7
13                       2900  0.1  99.8
14                       1863  0.1  99.9
15                       1146  0.0  99.9
16                        729  0.0 100.0
17                        413  0.0 100.0
18                        279  0.0 100.0
19                        171  0.0 100.0
20                         71  0.0 100.0
21                         74  0.0 100.0
22                         35  0.0 100.0
23                         26  0.0 100.0
24                         20  0.0 100.0
25                         12  0.0 100.0
26                          4  0.0 100.0
27                          6  0.0 100.0
28                          4  0.0 100.0
29                          2  0.0 100.0
30                          2  0.0 100.0
31                          3  0.0 100.0
33                          3  0.0 100.0
36                          1  0.0 100.0

#data h_row_run_data=>[qw(1 2 3 4 5 6 7 8 9 10 11 12 13 14 15 16 17 18 19 20 21 22 23 24 25 26 27 28 29 30 31 33 36)],
#data h_row_run_frequency=>[0.393,0.200,0.149,0.096,0.061,0.038,0.024,0.015,0.009,0.006,0.003,0.002,0.001,0.001,0.000,0.000,0.000,0.000,0.000,0.000,0.000,0.000,0.000,0.000,0.000,0.000,0.000,0.000,0.000,0.000,0.000,0.000,0.000],
#data h_row_run_cumulative=>[0.393,0.593,0.742,0.838,0.899,0.937,0.961,0.976,0.985,0.991,0.995,0.997,0.998,0.999,0.999,1.000,1.000,1.000,1.000,1.000,1.000,1.000,1.000,1.000,1.000,1.000,1.000,1.000,1.000,1.000,1.000,1.000,1.000],

keyboard bottom row run length
------------------------------------------------------------
1                      864132 95.8  95.8
2                       38019  4.2 100.0
3                         190  0.0 100.0
4                          24  0.0 100.0
5                           2  0.0 100.0
9                           4  0.0 100.0

#data b_row_run_data=>[qw(1 2 3 4 5 9)],
#data b_row_run_frequency=>[0.958,0.042,0.000,0.000,0.000,0.000],
#data b_row_run_cumulative=>[0.958,1.000,1.000,1.000,1.000,1.000],

keyboard row run length
------------------------------------------------------------
1                     3258684 63.8  63.8
2                      818852 16.0  79.9
3                      413905  8.1  88.0
4                      234927  4.6  92.6
5                      144175  2.8  95.4
6                       87675  1.7  97.1
7                       55401  1.1  98.2
8                       35185  0.7  98.9
9                       21515  0.4  99.3
10                      13604  0.3  99.6
11                       8078  0.2  99.8
12                       4954  0.1  99.8
13                       2900  0.1  99.9
14                       1863  0.0  99.9
15                       1147  0.0 100.0
16                        729  0.0 100.0
17                        413  0.0 100.0
18                        279  0.0 100.0
19                        171  0.0 100.0
20                         71  0.0 100.0
21                         74  0.0 100.0
22                         35  0.0 100.0
23                         26  0.0 100.0
24                         20  0.0 100.0
25                         12  0.0 100.0
26                          4  0.0 100.0
27                          6  0.0 100.0
28                          4  0.0 100.0
29                          2  0.0 100.0
30                          2  0.0 100.0
31                          3  0.0 100.0
33                          3  0.0 100.0
36                          1  0.0 100.0

#data all_row_run_data=>[qw(1 2 3 4 5 6 7 8 9 10 11 12 13 14 15 16 17 18 19 20 21 22 23 24 25 26 27 28 29 30 31 33 36)],
#data all_row_run_frequency=>[0.638,0.160,0.081,0.046,0.028,0.017,0.011,0.007,0.004,0.003,0.002,0.001,0.001,0.000,0.000,0.000,0.000,0.000,0.000,0.000,0.000,0.000,0.000,0.000,0.000,0.000,0.000,0.000,0.000,0.000,0.000,0.000,0.000],
#data all_row_run_cumulative=>[0.638,0.799,0.880,0.926,0.954,0.971,0.982,0.989,0.993,0.996,0.998,0.998,0.999,0.999,1.000,1.000,1.000,1.000,1.000,1.000,1.000,1.000,1.000,1.000,1.000,1.000,1.000,1.000,1.000,1.000,1.000,1.000,1.000],

keyboard finger run length
------------------------------------------------------------
1                     7196264 86.7  86.7
2                      958060 11.5  98.3
3                      111837  1.3  99.6
4                       21870  0.3  99.9
5                        7932  0.1 100.0
6                        1186  0.0 100.0
7                         318  0.0 100.0
8                         109  0.0 100.0
9                          35  0.0 100.0
10                          9  0.0 100.0
11                          2  0.0 100.0
12                          5  0.0 100.0
15                          1  0.0 100.0
20                          1  0.0 100.0
22                          1  0.0 100.0

#data finger_run_data=>[qw(1 2 3 4 5 6 7 8 9 10 11 12 15 20 22)],
#data finger_run_frequency=>[0.867,0.115,0.013,0.003,0.001,0.000,0.000,0.000,0.000,0.000,0.000,0.000,0.000,0.000,0.000],
#data finger_run_cumulative=>[0.867,0.983,0.996,0.999,1.000,1.000,1.000,1.000,1.000,1.000,1.000,1.000,1.000,1.000,1.000],

keyboard same-hand row jump length
------------------------------------------------------------
1                     5832775 78.6  78.6
2                     1079942 14.5  93.1
3                      323574  4.4  97.5
4                      117125  1.6  99.0
5                       46837  0.6  99.7
6                       15664  0.2  99.9
7                        6422  0.1 100.0
8                        2024  0.0 100.0
9                         720  0.0 100.0
10                        274  0.0 100.0
11                        104  0.0 100.0
12                         33  0.0 100.0
13                          7  0.0 100.0
14                          3  0.0 100.0
17                          1  0.0 100.0
24                          1  0.0 100.0

#data row_jump_data=>[qw(1 2 3 4 5 6 7 8 9 10 11 12 13 14 17 24)],
#data row_jump_frequency=>[0.786,0.145,0.044,0.016,0.006,0.002,0.001,0.000,0.000,0.000,0.000,0.000,0.000,0.000,0.000,0.000],
#data row_jump_cumulative=>[0.786,0.931,0.975,0.990,0.997,0.999,1.000,1.000,1.000,1.000,1.000,1.000,1.000,1.000,1.000,1.000],

corpus character frequency
------------------------------------------------------------
e                     1189270 12.4  12.4
t                      857621  8.9  21.4
a                      772047  8.1  29.4
o                      743158  7.8  37.2
i                      664716  6.9  44.1
n                      659446  6.9  51.0
h                      601534  6.3  57.2
s                      600522  6.3  63.5
r                      551354  5.8  69.3
d                      428936  4.5  73.7
l                      395151  4.1  77.9
u                      278222  2.9  80.8
m                      257890  2.7  83.5
w                      230357  2.4  85.9
c                      228885  2.4  88.2
f                      208786  2.2  90.4
y                      202083  2.1  92.5
g                      192882  2.0  94.5
p                      158583  1.7  96.2
b                      149480  1.6  97.8
v                       91308  1.0  98.7
k                       78419  0.8  99.5
j                       14421  0.2  99.7
x                       14308  0.1  99.8
q                       10285  0.1  99.9
z                        6129  0.1 100.0

#data character_frequency_data=>[qw(e t a o i n h s r d l u m w c f y g p b v k j x q z)],
#data character_frequency_frequency=>[0.124,0.089,0.081,0.078,0.069,0.069,0.063,0.063,0.058,0.045,0.041,0.029,0.027,0.024,0.024,0.022,0.021,0.020,0.017,0.016,0.010,0.008,0.002,0.001,0.001,0.001],
#data character_frequency_cumulative=>[0.124,0.214,0.294,0.372,0.441,0.510,0.572,0.635,0.693,0.737,0.779,0.808,0.835,0.859,0.882,0.904,0.925,0.945,0.962,0.978,0.987,0.995,0.997,0.998,0.999,1.000],

