Keyboard effort
------------------------------------------------------------
k1                      0.743  79.7  79.7
k1,k2                   0.910  17.9  97.6
k1,k2,k3                0.933   2.4 100.0
b                       0.408  23.5  23.5
p                       0.525  30.3 177.6
ph                      0.000   0.0   0.0
pr                      0.177  33.7  33.7
pf                      0.294  56.0  89.7
s                       0.801  46.2 100.0
all                     1.733 100.0 100.0

#data effort_k1=>[0.743,79.727,79.727],
#data effort_k12=>[0.910,17.875,97.602],
#data effort_k123=>[0.933,2.398,100.000],
#data effort_base=>[0.408,23.512,23.512],
#data effort_penalty=>[0.525,30.292,177.617],
#data effort_penalty_hand=>[0.000,0.000,0.000],
#data effort_penalty_row=>[0.177,33.697,33.697],
#data effort_penalty_finger=>[0.294,55.974,89.671],
#data effort_path=>[0.801,46.196,100.000],
#data effort_all=>[1.733,100.000,100.000],

keyboard row frequency
------------------------------------------------------------
1                     2057000 22.5  22.5
2                     6333785 69.2  91.7
3                      760380  8.3 100.0

#data row_data=>[qw(1 2 3)],
#data row_frequency=>[0.225,0.692,0.083],
#data row_cumulative=>[0.225,0.917,1.000],

keyboard hand frequency
------------------------------------------------------------
0                     4828795 52.8  52.8
1                     4322370 47.2 100.0

#data hand_data=>[qw(0 1)],
#data hand_frequency=>[0.528,0.472],
#data hand_cumulative=>[0.528,1.000],

keyboard finger frequency
------------------------------------------------------------
0                      547952  6.0   6.0
1                      903637  9.9  15.9
2                     1420467 15.5  31.4
3                     1956739 21.4  52.8
6                     2077574 22.7  75.5
7                     1384856 15.1  90.6
8                      845767  9.2  99.8
9                       14173  0.2 100.0

#data finger_data=>[qw(0 1 2 3 6 7 8 9)],
#data finger_frequency=>[0.060,0.099,0.155,0.214,0.227,0.151,0.092,0.002],
#data finger_cumulative=>[0.060,0.159,0.314,0.528,0.755,0.906,0.998,1.000],

keyboard left hand run length
------------------------------------------------------------
1                     1223010 47.2  47.2
2                      755480 29.2  76.4
3                      334383 12.9  89.3
4                      151840  5.9  95.2
5                       68483  2.6  97.8
6                       31174  1.2  99.1
7                       13574  0.5  99.6
8                        6129  0.2  99.8
9                        2590  0.1  99.9
10                       1192  0.0 100.0
11                        581  0.0 100.0
12                        241  0.0 100.0
13                        114  0.0 100.0
14                         58  0.0 100.0
15                         16  0.0 100.0
16                         19  0.0 100.0
17                         13  0.0 100.0
18                          4  0.0 100.0
19                          4  0.0 100.0
20                          1  0.0 100.0
29                          1  0.0 100.0

#data left_hand_run_data=>[qw(1 2 3 4 5 6 7 8 9 10 11 12 13 14 15 16 17 18 19 20 29)],
#data left_hand_run_frequency=>[0.472,0.292,0.129,0.059,0.026,0.012,0.005,0.002,0.001,0.000,0.000,0.000,0.000,0.000,0.000,0.000,0.000,0.000,0.000,0.000,0.000],
#data left_hand_run_cumulative=>[0.472,0.764,0.893,0.952,0.978,0.991,0.996,0.998,0.999,1.000,1.000,1.000,1.000,1.000,1.000,1.000,1.000,1.000,1.000,1.000,1.000],

keyboard right hand run length
------------------------------------------------------------
1                     1363903 52.7  52.7
2                      782511 30.2  82.9
3                      270811 10.5  93.4
4                      111817  4.3  97.7
5                       38997  1.5  99.2
6                       13611  0.5  99.7
7                        4632  0.2  99.9
8                        1825  0.1 100.0
9                         499  0.0 100.0
10                        196  0.0 100.0
11                         66  0.0 100.0
12                         18  0.0 100.0
13                          7  0.0 100.0
14                          4  0.0 100.0
15                          1  0.0 100.0
16                          4  0.0 100.0
17                          1  0.0 100.0
18                          2  0.0 100.0
19                          1  0.0 100.0
21                          1  0.0 100.0
23                          1  0.0 100.0

#data right_hand_run_data=>[qw(1 2 3 4 5 6 7 8 9 10 11 12 13 14 15 16 17 18 19 21 23)],
#data right_hand_run_frequency=>[0.527,0.302,0.105,0.043,0.015,0.005,0.002,0.001,0.000,0.000,0.000,0.000,0.000,0.000,0.000,0.000,0.000,0.000,0.000,0.000,0.000],
#data right_hand_run_cumulative=>[0.527,0.829,0.934,0.977,0.992,0.997,0.999,1.000,1.000,1.000,1.000,1.000,1.000,1.000,1.000,1.000,1.000,1.000,1.000,1.000,1.000],

keyboard hand run length
------------------------------------------------------------
1                     2586913 50.0  50.0
2                     1537991 29.7  79.7
3                      605194 11.7  91.4
4                      263657  5.1  96.4
5                      107480  2.1  98.5
6                       44785  0.9  99.4
7                       18206  0.4  99.7
8                        7954  0.2  99.9
9                        3089  0.1 100.0
10                       1388  0.0 100.0
11                        647  0.0 100.0
12                        259  0.0 100.0
13                        121  0.0 100.0
14                         62  0.0 100.0
15                         17  0.0 100.0
16                         23  0.0 100.0
17                         14  0.0 100.0
18                          6  0.0 100.0
19                          5  0.0 100.0
20                          1  0.0 100.0
21                          1  0.0 100.0
23                          1  0.0 100.0
29                          1  0.0 100.0

#data all_hand_run_data=>[qw(1 2 3 4 5 6 7 8 9 10 11 12 13 14 15 16 17 18 19 20 21 23 29)],
#data all_hand_run_frequency=>[0.500,0.297,0.117,0.051,0.021,0.009,0.004,0.002,0.001,0.000,0.000,0.000,0.000,0.000,0.000,0.000,0.000,0.000,0.000,0.000,0.000,0.000,0.000],
#data all_hand_run_cumulative=>[0.500,0.797,0.914,0.964,0.985,0.994,0.997,0.999,1.000,1.000,1.000,1.000,1.000,1.000,1.000,1.000,1.000,1.000,1.000,1.000,1.000,1.000,1.000],

keyboard top row run length
------------------------------------------------------------
1                     1244736 75.6  75.6
2                      310696 18.9  94.5
3                       72574  4.4  98.9
4                       15615  0.9  99.8
5                        2109  0.1 100.0
6                         361  0.0 100.0
7                          66  0.0 100.0
8                          13  0.0 100.0
9                           4  0.0 100.0
10                          2  0.0 100.0
11                          2  0.0 100.0
14                          1  0.0 100.0
28                          1  0.0 100.0

#data t_row_run_data=>[qw(1 2 3 4 5 6 7 8 9 10 11 14 28)],
#data t_row_run_frequency=>[0.756,0.189,0.044,0.009,0.001,0.000,0.000,0.000,0.000,0.000,0.000,0.000,0.000],
#data t_row_run_cumulative=>[0.756,0.945,0.989,0.998,1.000,1.000,1.000,1.000,1.000,1.000,1.000,1.000,1.000],

keyboard home row run length
------------------------------------------------------------
1                      644515 29.8  29.8
2                      515973 23.9  53.6
3                      333306 15.4  69.1
4                      214835  9.9  79.0
5                      162550  7.5  86.5
6                      101932  4.7  91.2
7                       66766  3.1  94.3
8                       44385  2.1  96.4
9                       27720  1.3  97.6
10                      18063  0.8  98.5
11                      11452  0.5  99.0
12                       7503  0.3  99.3
13                       4925  0.2  99.6
14                       3207  0.1  99.7
15                       2121  0.1  99.8
16                       1403  0.1  99.9
17                        886  0.0  99.9
18                        573  0.0 100.0
19                        353  0.0 100.0
20                        250  0.0 100.0
21                        165  0.0 100.0
22                         97  0.0 100.0
23                         81  0.0 100.0
24                         46  0.0 100.0
25                         23  0.0 100.0
26                         18  0.0 100.0
27                         11  0.0 100.0
28                          4  0.0 100.0
29                          8  0.0 100.0
30                          4  0.0 100.0
31                          2  0.0 100.0
32                          2  0.0 100.0
33                          2  0.0 100.0
34                          3  0.0 100.0
35                          1  0.0 100.0
38                          1  0.0 100.0
41                          1  0.0 100.0

#data h_row_run_data=>[qw(1 2 3 4 5 6 7 8 9 10 11 12 13 14 15 16 17 18 19 20 21 22 23 24 25 26 27 28 29 30 31 32 33 34 35 38 41)],
#data h_row_run_frequency=>[0.298,0.239,0.154,0.099,0.075,0.047,0.031,0.021,0.013,0.008,0.005,0.003,0.002,0.001,0.001,0.001,0.000,0.000,0.000,0.000,0.000,0.000,0.000,0.000,0.000,0.000,0.000,0.000,0.000,0.000,0.000,0.000,0.000,0.000,0.000,0.000,0.000],
#data h_row_run_cumulative=>[0.298,0.536,0.691,0.790,0.865,0.912,0.943,0.964,0.976,0.985,0.990,0.993,0.996,0.997,0.998,0.999,0.999,1.000,1.000,1.000,1.000,1.000,1.000,1.000,1.000,1.000,1.000,1.000,1.000,1.000,1.000,1.000,1.000,1.000,1.000,1.000,1.000],

keyboard bottom row run length
------------------------------------------------------------
1                      674052 92.4  92.4
2                       54381  7.5  99.8
3                        1164  0.2 100.0
4                          14  0.0 100.0
5                           2  0.0 100.0
6                           1  0.0 100.0
10                          4  0.0 100.0

#data b_row_run_data=>[qw(1 2 3 4 5 6 10)],
#data b_row_run_frequency=>[0.924,0.075,0.002,0.000,0.000,0.000,0.000],
#data b_row_run_cumulative=>[0.924,0.998,1.000,1.000,1.000,1.000,1.000],

keyboard row run length
------------------------------------------------------------
1                     2563303 56.5  56.5
2                      881050 19.4  75.9
3                      407044  9.0  84.9
4                      230464  5.1  89.9
5                      164661  3.6  93.6
6                      102294  2.3  95.8
7                       66832  1.5  97.3
8                       44398  1.0  98.3
9                       27724  0.6  98.9
10                      18069  0.4  99.3
11                      11454  0.3  99.5
12                       7503  0.2  99.7
13                       4925  0.1  99.8
14                       3208  0.1  99.9
15                       2121  0.0  99.9
16                       1403  0.0  99.9
17                        886  0.0 100.0
18                        573  0.0 100.0
19                        353  0.0 100.0
20                        250  0.0 100.0
21                        165  0.0 100.0
22                         97  0.0 100.0
23                         81  0.0 100.0
24                         46  0.0 100.0
25                         23  0.0 100.0
26                         18  0.0 100.0
27                         11  0.0 100.0
28                          5  0.0 100.0
29                          8  0.0 100.0
30                          4  0.0 100.0
31                          2  0.0 100.0
32                          2  0.0 100.0
33                          2  0.0 100.0
34                          3  0.0 100.0
35                          1  0.0 100.0
38                          1  0.0 100.0
41                          1  0.0 100.0

#data all_row_run_data=>[qw(1 2 3 4 5 6 7 8 9 10 11 12 13 14 15 16 17 18 19 20 21 22 23 24 25 26 27 28 29 30 31 32 33 34 35 38 41)],
#data all_row_run_frequency=>[0.565,0.194,0.090,0.051,0.036,0.023,0.015,0.010,0.006,0.004,0.003,0.002,0.001,0.001,0.000,0.000,0.000,0.000,0.000,0.000,0.000,0.000,0.000,0.000,0.000,0.000,0.000,0.000,0.000,0.000,0.000,0.000,0.000,0.000,0.000,0.000,0.000],
#data all_row_run_cumulative=>[0.565,0.759,0.849,0.899,0.936,0.958,0.973,0.983,0.989,0.993,0.995,0.997,0.998,0.999,0.999,0.999,1.000,1.000,1.000,1.000,1.000,1.000,1.000,1.000,1.000,1.000,1.000,1.000,1.000,1.000,1.000,1.000,1.000,1.000,1.000,1.000,1.000],

keyboard finger run length
------------------------------------------------------------
1                     7611072 89.2  89.2
2                      824271  9.7  98.8
3                       85407  1.0  99.8
4                       13269  0.2 100.0
5                        2579  0.0 100.0
6                         452  0.0 100.0
7                         101  0.0 100.0
8                          26  0.0 100.0
9                          17  0.0 100.0
10                          6  0.0 100.0
11                          1  0.0 100.0
12                          2  0.0 100.0
13                          3  0.0 100.0
15                          1  0.0 100.0
16                          1  0.0 100.0
20                          1  0.0 100.0
22                          1  0.0 100.0

#data finger_run_data=>[qw(1 2 3 4 5 6 7 8 9 10 11 12 13 15 16 20 22)],
#data finger_run_frequency=>[0.892,0.097,0.010,0.002,0.000,0.000,0.000,0.000,0.000,0.000,0.000,0.000,0.000,0.000,0.000,0.000,0.000],
#data finger_run_cumulative=>[0.892,0.988,0.998,1.000,1.000,1.000,1.000,1.000,1.000,1.000,1.000,1.000,1.000,1.000,1.000,1.000,1.000],

keyboard same-hand row jump length
------------------------------------------------------------
1                     6150850 80.4  80.4
2                     1097566 14.3  94.7
3                      309723  4.0  98.7
4                       73980  1.0  99.7
5                       16618  0.2  99.9
6                        4454  0.1 100.0
7                         948  0.0 100.0
8                         300  0.0 100.0
9                          59  0.0 100.0
10                         18  0.0 100.0
11                          5  0.0 100.0
12                          1  0.0 100.0
14                          1  0.0 100.0
17                          1  0.0 100.0

#data row_jump_data=>[qw(1 2 3 4 5 6 7 8 9 10 11 12 14 17)],
#data row_jump_frequency=>[0.804,0.143,0.040,0.010,0.002,0.001,0.000,0.000,0.000,0.000,0.000,0.000,0.000,0.000],
#data row_jump_cumulative=>[0.804,0.947,0.987,0.997,0.999,1.000,1.000,1.000,1.000,1.000,1.000,1.000,1.000,1.000],

corpus character frequency
------------------------------------------------------------
e                     1189270 12.4  12.4
t                      857621  8.9  21.4
a                      772047  8.1  29.4
o                      743158  7.8  37.2
i                      664716  6.9  44.1
n                      659446  6.9  51.0
h                      601534  6.3  57.2
s                      600522  6.3  63.5
r                      551354  5.8  69.3
d                      428936  4.5  73.7
l                      395151  4.1  77.9
u                      278222  2.9  80.8
m                      257890  2.7  83.5
w                      230357  2.4  85.9
c                      228885  2.4  88.2
f                      208786  2.2  90.4
y                      202083  2.1  92.5
g                      192882  2.0  94.5
p                      158583  1.7  96.2
b                      149480  1.6  97.8
v                       91308  1.0  98.7
k                       78419  0.8  99.5
j                       14421  0.2  99.7
x                       14308  0.1  99.8
q                       10285  0.1  99.9
z                        6129  0.1 100.0

#data character_frequency_data=>[qw(e t a o i n h s r d l u m w c f y g p b v k j x q z)],
#data character_frequency_frequency=>[0.124,0.089,0.081,0.078,0.069,0.069,0.063,0.063,0.058,0.045,0.041,0.029,0.027,0.024,0.024,0.022,0.021,0.020,0.017,0.016,0.010,0.008,0.002,0.001,0.001,0.001],
#data character_frequency_cumulative=>[0.124,0.214,0.294,0.372,0.441,0.510,0.572,0.635,0.693,0.737,0.779,0.808,0.835,0.859,0.882,0.904,0.925,0.945,0.962,0.978,0.987,0.995,0.997,0.998,0.999,1.000],

