Keyboard effort
------------------------------------------------------------
k1                      0.756  79.4  79.4
k1,k2                   0.928  18.1  97.4
k1,k2,k3                0.952   2.6 100.0
b                       0.382  22.9  22.9
p                       0.570  34.2 166.9
ph                      0.000   0.0   0.0
pr                      0.153  26.8  26.8
pf                      0.363  63.6  90.5
s                       0.716  42.9 100.0
all                     1.668 100.0 100.0

#data effort_k1=>[0.756,79.371,79.371],
#data effort_k12=>[0.928,18.055,97.426],
#data effort_k123=>[0.952,2.574,100.000],
#data effort_base=>[0.382,22.884,22.884],
#data effort_penalty=>[0.570,34.202,166.908],
#data effort_penalty_hand=>[0.000,0.000,0.000],
#data effort_penalty_row=>[0.153,26.817,26.817],
#data effort_penalty_finger=>[0.363,63.642,90.459],
#data effort_path=>[0.716,42.914,100.000],
#data effort_all=>[1.668,100.000,100.000],

keyboard row frequency
------------------------------------------------------------
1                     1731346 18.9  18.9
2                     6734080 73.6  92.5
3                      685739  7.5 100.0

#data row_data=>[qw(1 2 3)],
#data row_frequency=>[0.189,0.736,0.075],
#data row_cumulative=>[0.189,0.925,1.000],

keyboard hand frequency
------------------------------------------------------------
0                     4430473 48.4  48.4
1                     4720692 51.6 100.0

#data hand_data=>[qw(0 1)],
#data hand_frequency=>[0.484,0.516],
#data hand_cumulative=>[0.484,1.000],

keyboard finger frequency
------------------------------------------------------------
0                      415916  4.5   4.5
1                      762974  8.3  12.9
2                     1291809 14.1  27.0
3                     1959774 21.4  48.4
6                     1954935 21.4  69.8
7                     1384856 15.1  84.9
8                      801545  8.8  93.7
9                      579356  6.3 100.0

#data finger_data=>[qw(0 1 2 3 6 7 8 9)],
#data finger_frequency=>[0.045,0.083,0.141,0.214,0.214,0.151,0.088,0.063],
#data finger_cumulative=>[0.045,0.129,0.270,0.484,0.698,0.849,0.937,1.000],

keyboard left hand run length
------------------------------------------------------------
1                     1691848 56.5  56.5
2                      990835 33.1  89.5
3                      274187  9.2  98.7
4                       34341  1.1  99.8
5                        4031  0.1 100.0
6                         471  0.0 100.0
7                          53  0.0 100.0
8                           8  0.0 100.0
9                           2  0.0 100.0
10                          5  0.0 100.0
12                          2  0.0 100.0
21                          1  0.0 100.0

#data left_hand_run_data=>[qw(1 2 3 4 5 6 7 8 9 10 12 21)],
#data left_hand_run_frequency=>[0.565,0.331,0.092,0.011,0.001,0.000,0.000,0.000,0.000,0.000,0.000,0.000],
#data left_hand_run_cumulative=>[0.565,0.895,0.987,0.998,1.000,1.000,1.000,1.000,1.000,1.000,1.000,1.000],

keyboard right hand run length
------------------------------------------------------------
1                     1728758 57.7  57.7
2                      854207 28.5  86.2
3                      253788  8.5  94.7
4                      102329  3.4  98.1
5                       35771  1.2  99.3
6                       11190  0.4  99.7
7                        5711  0.2  99.9
8                        2467  0.1  99.9
9                         893  0.0 100.0
10                        417  0.0 100.0
11                        158  0.0 100.0
12                         49  0.0 100.0
13                         20  0.0 100.0
14                          9  0.0 100.0
15                          5  0.0 100.0
16                          5  0.0 100.0
17                          2  0.0 100.0
19                          2  0.0 100.0
20                          1  0.0 100.0
22                          2  0.0 100.0
23                          1  0.0 100.0
28                          1  0.0 100.0

#data right_hand_run_data=>[qw(1 2 3 4 5 6 7 8 9 10 11 12 13 14 15 16 17 19 20 22 23 28)],
#data right_hand_run_frequency=>[0.577,0.285,0.085,0.034,0.012,0.004,0.002,0.001,0.000,0.000,0.000,0.000,0.000,0.000,0.000,0.000,0.000,0.000,0.000,0.000,0.000,0.000],
#data right_hand_run_cumulative=>[0.577,0.862,0.947,0.981,0.993,0.997,0.999,0.999,1.000,1.000,1.000,1.000,1.000,1.000,1.000,1.000,1.000,1.000,1.000,1.000,1.000,1.000],

keyboard hand run length
------------------------------------------------------------
1                     3420606 57.1  57.1
2                     1845042 30.8  87.9
3                      527975  8.8  96.7
4                      136670  2.3  99.0
5                       39802  0.7  99.6
6                       11661  0.2  99.8
7                        5764  0.1  99.9
8                        2475  0.0 100.0
9                         895  0.0 100.0
10                        422  0.0 100.0
11                        158  0.0 100.0
12                         51  0.0 100.0
13                         20  0.0 100.0
14                          9  0.0 100.0
15                          5  0.0 100.0
16                          5  0.0 100.0
17                          2  0.0 100.0
19                          2  0.0 100.0
20                          1  0.0 100.0
21                          1  0.0 100.0
22                          2  0.0 100.0
23                          1  0.0 100.0
28                          1  0.0 100.0

#data all_hand_run_data=>[qw(1 2 3 4 5 6 7 8 9 10 11 12 13 14 15 16 17 19 20 21 22 23 28)],
#data all_hand_run_frequency=>[0.571,0.308,0.088,0.023,0.007,0.002,0.001,0.000,0.000,0.000,0.000,0.000,0.000,0.000,0.000,0.000,0.000,0.000,0.000,0.000,0.000,0.000,0.000],
#data all_hand_run_cumulative=>[0.571,0.879,0.967,0.990,0.996,0.998,0.999,1.000,1.000,1.000,1.000,1.000,1.000,1.000,1.000,1.000,1.000,1.000,1.000,1.000,1.000,1.000,1.000],

keyboard top row run length
------------------------------------------------------------
1                     1130849 78.6  78.6
2                      256485 17.8  96.4
3                       42272  2.9  99.4
4                        7562  0.5  99.9
5                        1121  0.1 100.0
6                         159  0.0 100.0
7                          16  0.0 100.0
8                           3  0.0 100.0
9                           2  0.0 100.0
10                          1  0.0 100.0
11                          1  0.0 100.0
14                          1  0.0 100.0
27                          1  0.0 100.0

#data t_row_run_data=>[qw(1 2 3 4 5 6 7 8 9 10 11 14 27)],
#data t_row_run_frequency=>[0.786,0.178,0.029,0.005,0.001,0.000,0.000,0.000,0.000,0.000,0.000,0.000,0.000],
#data t_row_run_cumulative=>[0.786,0.964,0.994,0.999,1.000,1.000,1.000,1.000,1.000,1.000,1.000,1.000,1.000],

keyboard home row run length
------------------------------------------------------------
1                      495620 26.0  26.0
2                      385476 20.2  46.2
3                      271384 14.2  60.4
4                      197687 10.4  70.8
5                      159575  8.4  79.2
6                      110166  5.8  84.9
7                       80947  4.2  89.2
8                       59062  3.1  92.3
9                       41637  2.2  94.5
10                      29950  1.6  96.0
11                      21283  1.1  97.2
12                      15161  0.8  97.9
13                      11071  0.6  98.5
14                       7823  0.4  98.9
15                       5745  0.3  99.2
16                       4154  0.2  99.5
17                       2846  0.1  99.6
18                       2129  0.1  99.7
19                       1479  0.1  99.8
20                       1030  0.1  99.8
21                        819  0.0  99.9
22                        582  0.0  99.9
23                        398  0.0  99.9
24                        323  0.0 100.0
25                        229  0.0 100.0
26                        159  0.0 100.0
27                        108  0.0 100.0
28                         69  0.0 100.0
29                         53  0.0 100.0
30                         36  0.0 100.0
31                         21  0.0 100.0
32                         17  0.0 100.0
33                         16  0.0 100.0
34                         13  0.0 100.0
35                          7  0.0 100.0
36                          7  0.0 100.0
37                          3  0.0 100.0
38                          3  0.0 100.0
39                          1  0.0 100.0
40                          1  0.0 100.0
41                          2  0.0 100.0
43                          1  0.0 100.0
45                          1  0.0 100.0

#data h_row_run_data=>[qw(1 2 3 4 5 6 7 8 9 10 11 12 13 14 15 16 17 18 19 20 21 22 23 24 25 26 27 28 29 30 31 32 33 34 35 36 37 38 39 40 41 43 45)],
#data h_row_run_frequency=>[0.260,0.202,0.142,0.104,0.084,0.058,0.042,0.031,0.022,0.016,0.011,0.008,0.006,0.004,0.003,0.002,0.001,0.001,0.001,0.001,0.000,0.000,0.000,0.000,0.000,0.000,0.000,0.000,0.000,0.000,0.000,0.000,0.000,0.000,0.000,0.000,0.000,0.000,0.000,0.000,0.000,0.000,0.000],
#data h_row_run_cumulative=>[0.260,0.462,0.604,0.708,0.792,0.849,0.892,0.923,0.945,0.960,0.972,0.979,0.985,0.989,0.992,0.995,0.996,0.997,0.998,0.998,0.999,0.999,0.999,1.000,1.000,1.000,1.000,1.000,1.000,1.000,1.000,1.000,1.000,1.000,1.000,1.000,1.000,1.000,1.000,1.000,1.000,1.000,1.000],

keyboard bottom row run length
------------------------------------------------------------
1                      597469 91.5  91.5
2                       54248  8.3  99.8
3                        1162  0.2 100.0
4                           6  0.0 100.0
5                           2  0.0 100.0
6                           1  0.0 100.0
10                          4  0.0 100.0

#data b_row_run_data=>[qw(1 2 3 4 5 6 10)],
#data b_row_run_frequency=>[0.915,0.083,0.002,0.000,0.000,0.000,0.000],
#data b_row_run_cumulative=>[0.915,0.998,1.000,1.000,1.000,1.000,1.000],

keyboard row run length
------------------------------------------------------------
1                     2223938 55.6  55.6
2                      696209 17.4  73.0
3                      314818  7.9  80.9
4                      205255  5.1  86.0
5                      160698  4.0  90.1
6                      110326  2.8  92.8
7                       80963  2.0  94.8
8                       59065  1.5  96.3
9                       41639  1.0  97.4
10                      29955  0.7  98.1
11                      21284  0.5  98.6
12                      15161  0.4  99.0
13                      11071  0.3  99.3
14                       7824  0.2  99.5
15                       5745  0.1  99.6
16                       4154  0.1  99.7
17                       2846  0.1  99.8
18                       2129  0.1  99.9
19                       1479  0.0  99.9
20                       1030  0.0  99.9
21                        819  0.0  99.9
22                        582  0.0 100.0
23                        398  0.0 100.0
24                        323  0.0 100.0
25                        229  0.0 100.0
26                        159  0.0 100.0
27                        109  0.0 100.0
28                         69  0.0 100.0
29                         53  0.0 100.0
30                         36  0.0 100.0
31                         21  0.0 100.0
32                         17  0.0 100.0
33                         16  0.0 100.0
34                         13  0.0 100.0
35                          7  0.0 100.0
36                          7  0.0 100.0
37                          3  0.0 100.0
38                          3  0.0 100.0
39                          1  0.0 100.0
40                          1  0.0 100.0
41                          2  0.0 100.0
43                          1  0.0 100.0
45                          1  0.0 100.0

#data all_row_run_data=>[qw(1 2 3 4 5 6 7 8 9 10 11 12 13 14 15 16 17 18 19 20 21 22 23 24 25 26 27 28 29 30 31 32 33 34 35 36 37 38 39 40 41 43 45)],
#data all_row_run_frequency=>[0.556,0.174,0.079,0.051,0.040,0.028,0.020,0.015,0.010,0.007,0.005,0.004,0.003,0.002,0.001,0.001,0.001,0.001,0.000,0.000,0.000,0.000,0.000,0.000,0.000,0.000,0.000,0.000,0.000,0.000,0.000,0.000,0.000,0.000,0.000,0.000,0.000,0.000,0.000,0.000,0.000,0.000,0.000],
#data all_row_run_cumulative=>[0.556,0.730,0.809,0.860,0.901,0.928,0.948,0.963,0.974,0.981,0.986,0.990,0.993,0.995,0.996,0.997,0.998,0.999,0.999,0.999,0.999,1.000,1.000,1.000,1.000,1.000,1.000,1.000,1.000,1.000,1.000,1.000,1.000,1.000,1.000,1.000,1.000,1.000,1.000,1.000,1.000,1.000,1.000],

keyboard finger run length
------------------------------------------------------------
1                     8001149 91.3  91.3
2                      705057  8.0  99.4
3                       50113  0.6  99.9
4                        5066  0.1 100.0
5                         639  0.0 100.0
6                          71  0.0 100.0
7                          12  0.0 100.0
8                           5  0.0 100.0
9                           7  0.0 100.0
10                          1  0.0 100.0
11                          4  0.0 100.0
12                          1  0.0 100.0
16                          1  0.0 100.0
17                          1  0.0 100.0
20                          1  0.0 100.0

#data finger_run_data=>[qw(1 2 3 4 5 6 7 8 9 10 11 12 16 17 20)],
#data finger_run_frequency=>[0.913,0.080,0.006,0.001,0.000,0.000,0.000,0.000,0.000,0.000,0.000,0.000,0.000,0.000,0.000],
#data finger_run_cumulative=>[0.913,0.994,0.999,1.000,1.000,1.000,1.000,1.000,1.000,1.000,1.000,1.000,1.000,1.000,1.000],

keyboard same-hand row jump length
------------------------------------------------------------
1                     6709724 84.3  84.3
2                      887373 11.2  95.5
3                      284468  3.6  99.0
4                       55870  0.7  99.8
5                       14556  0.2  99.9
6                        3899  0.0 100.0
7                        1098  0.0 100.0
8                         175  0.0 100.0
9                          90  0.0 100.0
10                         28  0.0 100.0
11                          5  0.0 100.0
12                          1  0.0 100.0
13                          1  0.0 100.0
16                          1  0.0 100.0
17                          1  0.0 100.0

#data row_jump_data=>[qw(1 2 3 4 5 6 7 8 9 10 11 12 13 16 17)],
#data row_jump_frequency=>[0.843,0.112,0.036,0.007,0.002,0.000,0.000,0.000,0.000,0.000,0.000,0.000,0.000,0.000,0.000],
#data row_jump_cumulative=>[0.843,0.955,0.990,0.998,0.999,1.000,1.000,1.000,1.000,1.000,1.000,1.000,1.000,1.000,1.000],

corpus character frequency
------------------------------------------------------------
e                     1189270 12.4  12.4
t                      857621  8.9  21.4
a                      772047  8.1  29.4
o                      743158  7.8  37.2
i                      664716  6.9  44.1
n                      659446  6.9  51.0
h                      601534  6.3  57.2
s                      600522  6.3  63.5
r                      551354  5.8  69.3
d                      428936  4.5  73.7
l                      395151  4.1  77.9
u                      278222  2.9  80.8
m                      257890  2.7  83.5
w                      230357  2.4  85.9
c                      228885  2.4  88.2
f                      208786  2.2  90.4
y                      202083  2.1  92.5
g                      192882  2.0  94.5
p                      158583  1.7  96.2
b                      149480  1.6  97.8
v                       91308  1.0  98.7
k                       78419  0.8  99.5
j                       14421  0.2  99.7
x                       14308  0.1  99.8
q                       10285  0.1  99.9
z                        6129  0.1 100.0

#data character_frequency_data=>[qw(e t a o i n h s r d l u m w c f y g p b v k j x q z)],
#data character_frequency_frequency=>[0.124,0.089,0.081,0.078,0.069,0.069,0.063,0.063,0.058,0.045,0.041,0.029,0.027,0.024,0.024,0.022,0.021,0.020,0.017,0.016,0.010,0.008,0.002,0.001,0.001,0.001],
#data character_frequency_cumulative=>[0.124,0.214,0.294,0.372,0.441,0.510,0.572,0.635,0.693,0.737,0.779,0.808,0.835,0.859,0.882,0.904,0.925,0.945,0.962,0.978,0.987,0.995,0.997,0.998,0.999,1.000],

