Keyboard effort
------------------------------------------------------------
k1                      0.876  74.0  74.0
k1,k2                   1.135  21.9  95.9
k1,k2,k3                1.184   4.1 100.0
b                       0.336  16.9  16.9
p                       0.848  42.5 139.7
ph                      0.000   0.0   0.0
pr                      0.200  23.6  23.6
pf                      0.505  59.6  83.2
s                       0.809  40.6 100.0
all                     1.993 100.0 100.0

#data effort_k1=>[0.876,74.007,74.007],
#data effort_k12=>[1.135,21.860,95.867],
#data effort_k123=>[1.184,4.133,100.000],
#data effort_base=>[0.336,16.875,16.875],
#data effort_penalty=>[0.848,42.543,139.665],
#data effort_penalty_hand=>[0.000,0.000,0.000],
#data effort_penalty_row=>[0.200,23.602,23.602],
#data effort_penalty_finger=>[0.505,59.566,83.167],
#data effort_path=>[0.809,40.583,100.000],
#data effort_all=>[1.993,100.000,100.000],

keyboard row frequency
------------------------------------------------------------
1                     1946938 21.3  21.3
2                     6178969 67.5  88.8
3                     1025258 11.2 100.0

#data row_data=>[qw(1 2 3)],
#data row_frequency=>[0.213,0.675,0.112],
#data row_cumulative=>[0.213,0.888,1.000],

keyboard hand frequency
------------------------------------------------------------
0                     4784132 52.3  52.3
1                     4367033 47.7 100.0

#data hand_data=>[qw(0 1)],
#data hand_frequency=>[0.523,0.477],
#data hand_cumulative=>[0.523,1.000],

keyboard finger frequency
------------------------------------------------------------
0                      764404  8.4   8.4
1                      980016 10.7  19.1
2                     1349950 14.8  33.8
3                     1689762 18.5  52.3
6                     1470419 16.1  68.3
7                     1384856 15.1  83.5
8                      868605  9.5  93.0
9                      643153  7.0 100.0

#data finger_data=>[qw(0 1 2 3 6 7 8 9)],
#data finger_frequency=>[0.084,0.107,0.148,0.185,0.161,0.151,0.095,0.070],
#data finger_cumulative=>[0.084,0.191,0.338,0.523,0.683,0.835,0.930,1.000],

keyboard left hand run length
------------------------------------------------------------
1                     1218642 47.2  47.2
2                      770606 29.9  77.1
3                      336841 13.1  90.2
4                      139642  5.4  95.6
5                       61878  2.4  98.0
6                       28645  1.1  99.1
7                       13524  0.5  99.6
8                        5735  0.2  99.8
9                        2533  0.1  99.9
10                       1085  0.0 100.0
11                        433  0.0 100.0
12                        176  0.0 100.0
13                         85  0.0 100.0
14                         41  0.0 100.0
15                         17  0.0 100.0
16                          6  0.0 100.0
17                          3  0.0 100.0
18                          1  0.0 100.0
19                          4  0.0 100.0
21                          1  0.0 100.0
22                          2  0.0 100.0
23                          1  0.0 100.0

#data left_hand_run_data=>[qw(1 2 3 4 5 6 7 8 9 10 11 12 13 14 15 16 17 18 19 21 22 23)],
#data left_hand_run_frequency=>[0.472,0.299,0.131,0.054,0.024,0.011,0.005,0.002,0.001,0.000,0.000,0.000,0.000,0.000,0.000,0.000,0.000,0.000,0.000,0.000,0.000,0.000],
#data left_hand_run_cumulative=>[0.472,0.771,0.902,0.956,0.980,0.991,0.996,0.998,0.999,1.000,1.000,1.000,1.000,1.000,1.000,1.000,1.000,1.000,1.000,1.000,1.000,1.000],

keyboard right hand run length
------------------------------------------------------------
1                     1470048 57.0  57.0
2                      594305 23.0  80.0
3                      304081 11.8  91.8
4                      109973  4.3  96.1
5                       59374  2.3  98.4
6                       24432  0.9  99.3
7                        9780  0.4  99.7
8                        4484  0.2  99.9
9                        1915  0.1  99.9
10                        850  0.0 100.0
11                        323  0.0 100.0
12                        157  0.0 100.0
13                         97  0.0 100.0
14                         39  0.0 100.0
15                         25  0.0 100.0
16                         11  0.0 100.0
17                          4  0.0 100.0
18                          1  0.0 100.0
21                          1  0.0 100.0
31                          1  0.0 100.0

#data right_hand_run_data=>[qw(1 2 3 4 5 6 7 8 9 10 11 12 13 14 15 16 17 18 21 31)],
#data right_hand_run_frequency=>[0.570,0.230,0.118,0.043,0.023,0.009,0.004,0.002,0.001,0.000,0.000,0.000,0.000,0.000,0.000,0.000,0.000,0.000,0.000,0.000],
#data right_hand_run_cumulative=>[0.570,0.800,0.918,0.961,0.984,0.993,0.997,0.999,0.999,1.000,1.000,1.000,1.000,1.000,1.000,1.000,1.000,1.000,1.000,1.000],

keyboard hand run length
------------------------------------------------------------
1                     2688690 52.1  52.1
2                     1364911 26.5  78.6
3                      640922 12.4  91.0
4                      249615  4.8  95.8
5                      121252  2.3  98.2
6                       53077  1.0  99.2
7                       23304  0.5  99.7
8                       10219  0.2  99.8
9                        4448  0.1  99.9
10                       1935  0.0 100.0
11                        756  0.0 100.0
12                        333  0.0 100.0
13                        182  0.0 100.0
14                         80  0.0 100.0
15                         42  0.0 100.0
16                         17  0.0 100.0
17                          7  0.0 100.0
18                          2  0.0 100.0
19                          4  0.0 100.0
21                          2  0.0 100.0
22                          2  0.0 100.0
23                          1  0.0 100.0
31                          1  0.0 100.0

#data all_hand_run_data=>[qw(1 2 3 4 5 6 7 8 9 10 11 12 13 14 15 16 17 18 19 21 22 23 31)],
#data all_hand_run_frequency=>[0.521,0.265,0.124,0.048,0.023,0.010,0.005,0.002,0.001,0.000,0.000,0.000,0.000,0.000,0.000,0.000,0.000,0.000,0.000,0.000,0.000,0.000,0.000],
#data all_hand_run_cumulative=>[0.521,0.786,0.910,0.958,0.982,0.992,0.997,0.998,0.999,1.000,1.000,1.000,1.000,1.000,1.000,1.000,1.000,1.000,1.000,1.000,1.000,1.000,1.000],

keyboard top row run length
------------------------------------------------------------
1                     1325620 80.3  80.3
2                      278479 16.9  97.1
3                       41444  2.5  99.7
4                        5270  0.3 100.0
5                         433  0.0 100.0
6                          32  0.0 100.0
7                           5  0.0 100.0
8                           2  0.0 100.0
10                          1  0.0 100.0
16                          1  0.0 100.0

#data t_row_run_data=>[qw(1 2 3 4 5 6 7 8 10 16)],
#data t_row_run_frequency=>[0.803,0.169,0.025,0.003,0.000,0.000,0.000,0.000,0.000,0.000],
#data t_row_run_cumulative=>[0.803,0.971,0.997,1.000,1.000,1.000,1.000,1.000,1.000,1.000],

keyboard home row run length
------------------------------------------------------------
1                      842729 37.0  37.0
2                      469235 20.6  57.6
3                      323799 14.2  71.8
4                      225139  9.9  81.7
5                      145150  6.4  88.1
6                       97942  4.3  92.4
7                       63528  2.8  95.2
8                       40508  1.8  96.9
9                       25207  1.1  98.1
10                      16324  0.7  98.8
11                      10197  0.4  99.2
12                       6471  0.3  99.5
13                       4067  0.2  99.7
14                       2723  0.1  99.8
15                       1614  0.1  99.9
16                       1089  0.0  99.9
17                        710  0.0  99.9
18                        459  0.0 100.0
19                        243  0.0 100.0
20                        154  0.0 100.0
21                        121  0.0 100.0
22                         70  0.0 100.0
23                         42  0.0 100.0
24                         33  0.0 100.0
25                         19  0.0 100.0
26                         13  0.0 100.0
27                         12  0.0 100.0
28                          2  0.0 100.0
29                          3  0.0 100.0
30                          1  0.0 100.0
31                          2  0.0 100.0
32                          1  0.0 100.0
33                          2  0.0 100.0
38                          1  0.0 100.0
40                          1  0.0 100.0

#data h_row_run_data=>[qw(1 2 3 4 5 6 7 8 9 10 11 12 13 14 15 16 17 18 19 20 21 22 23 24 25 26 27 28 29 30 31 32 33 38 40)],
#data h_row_run_frequency=>[0.370,0.206,0.142,0.099,0.064,0.043,0.028,0.018,0.011,0.007,0.004,0.003,0.002,0.001,0.001,0.000,0.000,0.000,0.000,0.000,0.000,0.000,0.000,0.000,0.000,0.000,0.000,0.000,0.000,0.000,0.000,0.000,0.000,0.000,0.000],
#data h_row_run_cumulative=>[0.370,0.576,0.718,0.817,0.881,0.924,0.952,0.969,0.981,0.988,0.992,0.995,0.997,0.998,0.999,0.999,0.999,1.000,1.000,1.000,1.000,1.000,1.000,1.000,1.000,1.000,1.000,1.000,1.000,1.000,1.000,1.000,1.000,1.000,1.000],

keyboard bottom row run length
------------------------------------------------------------
1                      840486 88.2  88.2
2                      104705 11.0  99.2
3                        7193  0.8 100.0
4                         141  0.0 100.0
5                           3  0.0 100.0
9                           4  0.0 100.0

#data b_row_run_data=>[qw(1 2 3 4 5 9)],
#data b_row_run_frequency=>[0.882,0.110,0.008,0.000,0.000,0.000],
#data b_row_run_cumulative=>[0.882,0.992,1.000,1.000,1.000,1.000],

keyboard row run length
------------------------------------------------------------
1                     3008835 61.6  61.6
2                      852419 17.5  79.1
3                      372436  7.6  86.7
4                      230550  4.7  91.5
5                      145586  3.0  94.4
6                       97974  2.0  96.4
7                       63533  1.3  97.7
8                       40510  0.8  98.6
9                       25211  0.5  99.1
10                      16325  0.3  99.4
11                      10197  0.2  99.6
12                       6471  0.1  99.8
13                       4067  0.1  99.9
14                       2723  0.1  99.9
15                       1614  0.0  99.9
16                       1090  0.0 100.0
17                        710  0.0 100.0
18                        459  0.0 100.0
19                        243  0.0 100.0
20                        154  0.0 100.0
21                        121  0.0 100.0
22                         70  0.0 100.0
23                         42  0.0 100.0
24                         33  0.0 100.0
25                         19  0.0 100.0
26                         13  0.0 100.0
27                         12  0.0 100.0
28                          2  0.0 100.0
29                          3  0.0 100.0
30                          1  0.0 100.0
31                          2  0.0 100.0
32                          1  0.0 100.0
33                          2  0.0 100.0
38                          1  0.0 100.0
40                          1  0.0 100.0

#data all_row_run_data=>[qw(1 2 3 4 5 6 7 8 9 10 11 12 13 14 15 16 17 18 19 20 21 22 23 24 25 26 27 28 29 30 31 32 33 38 40)],
#data all_row_run_frequency=>[0.616,0.175,0.076,0.047,0.030,0.020,0.013,0.008,0.005,0.003,0.002,0.001,0.001,0.001,0.000,0.000,0.000,0.000,0.000,0.000,0.000,0.000,0.000,0.000,0.000,0.000,0.000,0.000,0.000,0.000,0.000,0.000,0.000,0.000,0.000],
#data all_row_run_cumulative=>[0.616,0.791,0.867,0.915,0.944,0.964,0.977,0.986,0.991,0.994,0.996,0.998,0.999,0.999,0.999,1.000,1.000,1.000,1.000,1.000,1.000,1.000,1.000,1.000,1.000,1.000,1.000,1.000,1.000,1.000,1.000,1.000,1.000,1.000,1.000],

keyboard finger run length
------------------------------------------------------------
1                     8255001 92.8  92.8
2                      605437  6.8  99.6
3                       35889  0.4 100.0
4                        2675  0.0 100.0
5                         216  0.0 100.0
6                          47  0.0 100.0
7                           6  0.0 100.0
8                           1  0.0 100.0
9                           5  0.0 100.0
10                          1  0.0 100.0
11                          3  0.0 100.0
12                          1  0.0 100.0
19                          1  0.0 100.0
20                          1  0.0 100.0

#data finger_run_data=>[qw(1 2 3 4 5 6 7 8 9 10 11 12 19 20)],
#data finger_run_frequency=>[0.928,0.068,0.004,0.000,0.000,0.000,0.000,0.000,0.000,0.000,0.000,0.000,0.000,0.000],
#data finger_run_cumulative=>[0.928,0.996,1.000,1.000,1.000,1.000,1.000,1.000,1.000,1.000,1.000,1.000,1.000,1.000],

keyboard same-hand row jump length
------------------------------------------------------------
1                     5864504 78.6  78.6
2                     1109750 14.9  93.5
3                      337579  4.5  98.0
4                      103315  1.4  99.4
5                       33487  0.4  99.8
6                        7125  0.1  99.9
7                        3187  0.0 100.0
8                         588  0.0 100.0
9                         245  0.0 100.0
10                         44  0.0 100.0
11                         17  0.0 100.0
13                          1  0.0 100.0
15                          1  0.0 100.0
17                          1  0.0 100.0
20                          1  0.0 100.0
24                          1  0.0 100.0

#data row_jump_data=>[qw(1 2 3 4 5 6 7 8 9 10 11 13 15 17 20 24)],
#data row_jump_frequency=>[0.786,0.149,0.045,0.014,0.004,0.001,0.000,0.000,0.000,0.000,0.000,0.000,0.000,0.000,0.000,0.000],
#data row_jump_cumulative=>[0.786,0.935,0.980,0.994,0.998,0.999,1.000,1.000,1.000,1.000,1.000,1.000,1.000,1.000,1.000,1.000],

corpus character frequency
------------------------------------------------------------
e                     1189270 12.4  12.4
t                      857621  8.9  21.4
a                      772047  8.1  29.4
o                      743158  7.8  37.2
i                      664716  6.9  44.1
n                      659446  6.9  51.0
h                      601534  6.3  57.2
s                      600522  6.3  63.5
r                      551354  5.8  69.3
d                      428936  4.5  73.7
l                      395151  4.1  77.9
u                      278222  2.9  80.8
m                      257890  2.7  83.5
w                      230357  2.4  85.9
c                      228885  2.4  88.2
f                      208786  2.2  90.4
y                      202083  2.1  92.5
g                      192882  2.0  94.5
p                      158583  1.7  96.2
b                      149480  1.6  97.8
v                       91308  1.0  98.7
k                       78419  0.8  99.5
j                       14421  0.2  99.7
x                       14308  0.1  99.8
q                       10285  0.1  99.9
z                        6129  0.1 100.0

#data character_frequency_data=>[qw(e t a o i n h s r d l u m w c f y g p b v k j x q z)],
#data character_frequency_frequency=>[0.124,0.089,0.081,0.078,0.069,0.069,0.063,0.063,0.058,0.045,0.041,0.029,0.027,0.024,0.024,0.022,0.021,0.020,0.017,0.016,0.010,0.008,0.002,0.001,0.001,0.001],
#data character_frequency_cumulative=>[0.124,0.214,0.294,0.372,0.441,0.510,0.572,0.635,0.693,0.737,0.779,0.808,0.835,0.859,0.882,0.904,0.925,0.945,0.962,0.978,0.987,0.995,0.997,0.998,0.999,1.000],

